10
646,0,;725,34,34;980,61,27;621,78,17;1184,101,23;974,131,30;991,148,17;79,180,28;1372,215,35;1279,218,3;616,251,33;422,265,14;796,283,18;78,317,34;1083,349,29;1264,362,13;1096,382,20;238,430,48;1164,460,30;975,475,15;1093,-1,;160,-1,;
504,0,;991,30,30;1161,48,18;1438,65,17;153,100,35;808,127,25;340,147,20;176,171,24;613,204,33;1164,221,17;899,238,17;1342,265,27;882,279,14;1359,306,27;709,333,24;250,348,15;1161,379,29;76,422,43;813,443,21;724,448,5;1278,468,20;811,487,19;335,-1,;357,-1,;
1282,0,;245,47,47;618,60,13;1187,89,29;1445,113,24;79,157,44;426,186,29;1004,224,38;355,245,21;515,273,28;82,310,37;979,355,43;248,376,21;356,394,18;152,418,24;159,425,7;988,452,27;170,480,28;243,-1,;77,-1,;
510,0,;982,22,22;1353,33,11;422,67,31;1257,96,29;630,127,31;1251,164,37;524,189,25;84,219,30;1280,249,28;252,287,38;909,314,27;538,333,19;249,352,19;513,370,18;1460,418,47;635,443,25;441,457,14;253,467,10;539,486,16;635,492,6;1446,-1,;717,-1,;
734,0,;429,35,35;1082,58,23;881,79,21;1184,112,33;1168,128,16;264,164,36;632,182,18;613,201,19;1275,235,32;1081,249,14;344,278,27;341,281,3;176,304,23;433,329,25;624,344,15;1447,371,27;610,398,27;819,427,29;820,428,1;1172,452,24;538,476,24;1071,-1,;704,-1,;
278,0,;360,37,37;1074,75,38;1092,93,18;895,110,17;150,135,25;355,160,25;896,183,23;360,211,28;450,215,4;82,229,14;340,253,24;154,259,6;1174,289,30;1067,306,17;1267,326,20;337,356,30;66,367,11;630,391,24;1078,413,22;176,453,38;1360,493,38;343,-1,;541,-1,;
971,0,;704,15,15;908,39,24;1000,41,2;152,79,38;259,96,17;1065,136,40;1459,170,34;974,205,35;1093,235,29;1186,238,3;1442,264,26;1448,270,6;990,290,20;721,303,13;446,318,13;452,324,6;889,357,33;76,391,33;1084,417,26;1358,429,12;58,469,40;531,492,23;720,-1,;245,-1,;
1200,0,;437,36,36;709,50,14;1087,68,18;606,99,31;1435,122,23;978,141,19;711,157,15;330,178,21;334,182,4;83,213,31;883,261,46;64,290,27;1363,329,39;631,356,22;1076,381,25;721,402,21;1353,428,26;174,473,43;78,485,12;1437,-1,;606,-1,;
178,0,;62,26,26;1441,59,33;1180,80,21;62,118,38;1077,145,25;345,171,24;238,188,17;245,195,7;83,221,26;896,254,33;61,282,25;1367,330,46;803,354,24;62,377,21;57,382,5;1441,420,38;1348,427,7;1261,434,7;77,474,38;999,-1,;1453,-1,;
281,0,;440,24,24;541,35,11;632,38,3;1274,62,24;254,94,30;1171,126,31;174,163,37;1357,202,39;341,235,30;1180,264,29;697,299,33;527,317,18;628,328,11;607,349,21;633,375,26;514,404,29;1180,440,36;1357,451,11;726,478,27;897,495,17;260,-1,;439,-1,;
