10
646,0,;792,11,11;168,45,34;1345,90,45;895,110,20;71,141,28;697,173,32;1003,209,36;1434,250,39;1450,266,16;254,300,34;1179,325,25;245,359,34;609,377,16;623,391,14;452,408,17;1253,453,45;997,479,26;728,494,15;422,-1,;
504,0,;997,24,24;239,62,38;1173,96,34;1069,110,14;1272,133,23;1069,156,23;344,183,27;613,196,13;700,207,11;900,227,20;621,241,13;617,245,4;885,259,14;617,273,14;77,299,24;630,318,19;725,331,13;897,347,16;171,373,26;148,396,23;816,434,38;1358,456,22;268,496,38;804,-1,;
1282,0,;1168,24,24;522,42,16;1091,71,29;341,103,30;62,112,9;543,143,31;59,177,34;803,201,24;706,208,7;1257,223,15;1250,230,7;1072,244,14;1449,261,17;334,298,35;1456,342,42;1185,357,15;700,392,35;715,407,15;432,422,15;448,438,16;1359,467,29;260,496,29;1159,-1,;
510,0,;451,35,35;149,67,32;173,91,24;1271,125,32;332,164,39;156,176,12;1456,216,40;1252,240,24;265,287,47;1456,325,35;981,352,25;61,376,24;147,388,12;448,419,31;1458,452,32;890,480,28;261,-1,;
734,0,;437,27,27;630,40,13;1158,76,36;57,107,31;160,121,13;1462,163,42;1170,185,22;1264,195,10;697,222,27;1455,260,38;793,292,32;890,301,9;1460,331,30;976,367,34;1451,395,25;975,421,26;1095,451,30;268,472,21;161,489,17;723,-1,;
278,0,;607,14,14;1262,41,25;1088,55,14;820,71,16;795,96,25;1185,126,30;538,151,25;1348,187,36;428,213,26;521,220,7;1094,255,33;999,266,11;979,287,20;239,313,26;538,344,29;162,360,16;998,387,26;703,412,25;1073,426,14;1271,444,18;1180,449,5;152,487,38;429,498,11;514,-1,;
971,0,;1436,15,15;1448,27,12;1356,39,12;359,78,37;520,107,27;521,108,1;1249,134,26;605,150,16;633,178,28;237,214,36;881,230,16;1262,251,21;897,268,17;76,293,25;237,320,27;58,331,11;1345,370,39;623,400,30;801,414,14;263,444,26;1092,473,29;1448,493,20;892,-1,;
1200,0,;72,47,47;796,75,28;266,109,34;907,132,23;1277,150,18;450,175,25;1164,213,38;356,251,38;60,277,26;65,282,5;342,293,11;84,319,24;1068,369,50;801,386,15;1069,401,14;1437,419,18;67,459,40;242,472,13;905,-1,;
178,0,;1352,48,48;1453,61,13;149,109,44;1445,146,36;265,189,42;709,215,26;518,226,11;1184,262,36;607,300,37;1096,341,39;632,357,16;1456,383,26;347,412,29;157,426,14;153,430,4;439,446,16;1463,480,34;903,-1,;
281,0,;521,15,15;611,19,4;606,24,5;65,47,23;1177,87,34;1001,99,12;524,128,27;1363,157,29;71,190,32;904,213,23;1444,237,24;170,279,42;610,309,30;888,323,14;795,332,9;1166,345,13;1164,347,2;1439,360,13;1077,374,14;719,392,18;802,403,11;996,417,14;727,434,17;1257,468,34;633,-1,;
