20
646,0,;700,9,9;701,10,1;1267,36,26;1450,47,11;1450,47,0;1450,49,0;713,74,25;698,89,15;334,105,16;148,119,14;64,129,10;254,141,12;443,156,9;445,158,2;722,171,13;1263,194,23;1433,214,18;520,243,29;340,251,8;72,267,16;268,283,16;53,-1,;515,-1,;1446,-1,;
504,0,;905,22,22;72,45,23;342,62,16;60,75,12;611,94,19;520,97,3;150,113,16;537,140,27;259,150,10;728,171,21;988,193,22;1263,210,15;1187,228,18;908,241,13;78,271,28;252,285,14;252,285,0;252,287,0;539,-1,;793,-1,;1343,-1,;
1282,0,;1274,8,8;1000,24,16;624,40,16;817,53,13;622,68,15;1175,90,19;1447,106,16;727,140,32;163,164,24;243,178,14;422,191,13;881,204,13;1438,225,19;1343,236,11;612,263,27;248,275,12;255,282,7;267,296,12;84,-1,;443,-1,;1176,-1,;
510,0,;429,13,13;171,37,24;238,64,27;448,94,30;1083,121,23;1255,137,16;1254,138,1;1445,149,11;701,173,24;335,193,18;148,208,15;169,229,21;991,253,24;1361,265,12;543,294,28;611,-1,;62,-1,;
734,0,;820,8,8;996,22,14;801,37,15;348,58,21;59,79,19;532,102,23;713,113,11;446,128,15;84,144,16;817,169,21;726,172,3;253,196,23;73,206,10;245,222,16;522,233,9;441,246,13;1266,269,23;1269,272,3;1464,287,15;1436,-1,;889,-1,;344,-1,;
278,0,;517,14,14;153,30,16;162,39,9;886,69,28;986,79,10;1001,94,15;1360,111,17;1345,126,15;884,145,19;622,167,20;341,182,15;348,189,7;357,198,9;439,210,12;614,223,13;887,234,11;698,247,13;1439,273,25;1453,287,14;1177,296,8;1092,-1,;912,-1,;1462,-1,;
971,0,;791,8,8;610,21,13;54,41,20;789,60,19;1358,91,29;1080,107,16;818,127,20;635,136,9;263,152,16;151,174,22;612,191,17;896,207,14;989,210,3;903,218,8;1171,264,14;982,273,9;982,273,0;982,275,0;702,287,12;1451,-1,;1277,-1,;1460,-1,;
1200,0,;1069,10,10;1175,26,16;897,40,14;1172,57,17;1164,65,8;978,77,12;147,104,27;174,131,27;268,135,4;356,145,8;75,161,13;164,166,5;249,175,9;82,196,21;807,225,27;1352,246,21;1177,261,15;1463,277,16;981,-1,;1065,-1,;334,-1,;
178,0,;353,13,13;998,37,21;1166,58,20;1162,62,4;1184,86,22;1461,101,15;358,132,31;355,135,3;256,144,9;1169,176,31;1162,183,7;974,239,12;1174,262,20;1264,276,12;1187,293,17;1183,297,4;723,-1,;337,-1,;335,-1,;
281,0,;538,32,32;726,46,14;1090,64,18;1268,74,10;899,87,13;893,93,6;1067,107,14;154,138,29;170,154,16;444,166,12;447,169,3;451,173,4;530,188,15;266,210,18;338,232,22;240,242,10;1079,271,29;1067,288,12;1449,-1,;901,-1,;244,-1,;
1424,0,;1372,7,7;1002,19,12;1463,34,15;540,61,27;341,80,19;341,80,0;341,82,0;173,102,20;450,115,13;543,122,7;608,151,29;885,166,15;1261,183,16;531,209,26;895,229,18;1073,239,10;1255,249,10;1360,264,15;429,297,31;425,-1,;56,-1,;354,-1,;
181,0,;541,16,16;816,31,15;627,42,11;265,58,16;727,74,16;712,89,15;724,105,12;264,125,20;450,137,12;68,160,22;1173,195,35;1448,214,17;1341,231,17;605,249,18;517,255,6;800,269,13;795,274,5;1174,296,19;1095,-1,;795,-1,;172,-1,;
1055,0,;532,28,28;435,39,11;430,44,5;66,56,12;359,79,23;900,104,23;990,108,4;999,117,9;801,135,18;1069,149,14;1160,152,3;515,173,21;520,178,5;802,190,12;148,228,24;893,253,25;426,272,17;544,300,28;910,-1,;1267,-1,;
600,0,;1355,35,35;1186,54,19;631,75,21;262,92,17;265,95,3;528,114,19;617,119,5;428,128,9;251,140,11;985,162,22;882,175,13;1436,193,18;1074,213,16;712,229,14;795,240,11;436,263,17;242,277,14;79,-1,;1093,-1,;1341,-1,;
316,0,;516,35,35;699,46,11;1068,61,15;1163,66,5;984,75,9;714,89,14;636,105,16;161,130,25;336,143,13;158,154,10;793,177,23;518,194,17;895,211,17;1077,222,10;798,247,9;1165,258,11;1268,273,13;1096,289,16;727,300,11;450,-1,;438,-1,;
143,0,;704,22,21;1076,34,12;1170,38,4;803,53,15;896,64,11;809,73,9;621,83,10;167,102,16;149,122,18;1081,154,32;1185,168,14;1092,171,3;1460,189,18;621,218,29;239,240,22;54,249,9;169,275,25;1094,-1,;
273,0,;260,13,13;723,30,17;1176,47,17;1263,58,11;1433,76,18;893,106,24;1456,129,23;1278,143,14;266,173,28;69,190,17;517,212,22;974,229,17;1070,239,10;982,247,8;250,273,20;260,283,10;261,284,1;257,288,4;721,-1,;711,-1,;1162,-1,;
869,0,;725,9,9;80,32,23;75,37,5;252,48,11;525,61,13;985,75,14;898,82,7;429,101,19;60,114,13;439,133,19;894,154,21;900,160,6;1260,178,18;1347,185,7;1344,188,3;1170,202,14;1256,210,8;514,236,26;540,262,26;80,282,20;522,-1,;1261,-1,;1447,-1,;
871,0,;174,22,22;154,44,20;255,55,11;332,72,17;609,87,15;903,112,24;1363,127,12;790,160,33;432,178,18;248,186,6;58,196,10;68,206,10;83,223,15;432,250,27;884,268,18;883,269,1;1170,289,17;992,-1,;1456,-1,;160,-1,;
1194,0,;1273,15,15;991,27,12;437,48,20;432,53,5;801,65,11;1444,86,17;726,124,34;257,145,19;77,153,8;66,166,11;439,185,19;536,192,7;803,207,15;1080,224,15;1268,236,12;437,269,25;246,280,11;1077,-1,;1372,-1,;82,-1,;
