10
646,0,;154,25,25;1072,49,24;1077,54,5;1080,57,3;1094,71,14;719,88,17;900,95,7;894,101,6;525,114,13;248,123,9;444,141,16;629,150,9;1091,171,18;246,206,35;154,208,2;516,224,16;438,240,16;1087,259,19;1267,267,8;882,292,25;984,304,12;151,327,23;540,356,29;899,377,17;1371,399,22;1344,426,27;1254,430,4;519,455,25;888,470,15;712,482,12;721,491,9;989,-1,;342,-1,;
504,0,;1370,27,27;1074,53,26;159,78,25;57,90,12;1345,128,38;1179,150,22;531,170,18;901,182,12;979,198,16;1350,211,13;1271,226,15;791,256,30;153,280,24;713,302,20;1363,322,20;1359,326,4;1368,335,9;1182,351,14;624,369,18;349,378,9;1001,400,22;1463,416,16;989,440,24;980,449,9;1069,460,11;808,483,21;1459,-1,;1077,-1,;
1282,0,;909,13,13;259,37,22;244,52,15;521,63,11;795,75,12;898,88,13;1271,102,13;1179,106,4;251,134,28;67,146,12;896,173,27;1448,195,22;1360,205,10;245,240,35;175,264,24;176,265,1;343,286,21;436,289,3;803,306,17;1350,323,17;1162,333,10;899,352,19;727,368,16;1462,389,21;1354,407,18;889,422,15;613,432,10;518,437,5;1076,457,18;813,476,19;911,488,12;452,-1,;1353,-1,;
510,0,;82,42,42;443,59,17;1183,81,22;1458,101,15;720,123,22;76,141,18;81,146,5;720,170,23;1180,185,14;910,201,16;984,221,20;53,253,31;794,276,23;62,298,22;265,321,23;266,322,1;708,350,28;439,365,15;1082,386,21;1275,399,13;1445,417,18;1344,428,11;423,455,27;518,466,11;1072,488,20;1361,-1,;621,-1,;
734,0,;979,37,37;1252,54,17;437,85,31;721,99,14;804,110,11;331,133,23;266,162,29;1280,188,26;1368,194,6;1273,199,5;711,223,22;535,235,12;61,259,24;54,266,7;881,287,21;717,311,24;250,330,19;1356,363,32;1096,385,22;1082,399,14;1451,414,15;260,445,31;1096,473,28;176,495,22;1455,-1,;1346,-1,;
278,0,;1070,27,27;1353,40,13;1080,53,13;1079,54,1;616,73,15;893,84,9;1359,104,20;248,137,33;342,143,6;265,160,17;176,165,5;815,186,21;1276,207,21;1003,220,13;1370,233,13;985,258,25;700,273,15;343,292,19;263,306,14;359,316,10;1448,355,39;1348,365,10;1257,368,3;986,379,11;1363,396,17;1275,402,6;243,445,42;145,453,8;974,474,21;1265,496,21;1268,499,3;341,-1,;
971,0,;517,16,16;715,34,18;900,45,9;1180,55,10;1446,71,16;623,103,29;702,118,15;428,132,14;334,137,4;528,151,14;808,165,14;705,178,13;1171,194,16;1272,205,11;1346,225,20;1158,237,12;1159,238,1;1249,244,6;1447,262,18;704,285,23;518,297,12;1158,319,22;636,361,42;175,374,13;1181,406,32;526,431,25;611,440,9;607,444,4;55,462,18;628,495,33;438,-1,;427,-1,;
1200,0,;441,40,40;448,47,7;624,59,12;426,77,18;1261,102,25;887,116,14;336,135,19;1363,172,37;1450,179,7;1462,191,12;1367,202,11;703,236,34;521,246,10;435,254,8;623,268,14;330,291,23;1342,317,26;1066,327,10;357,370,43;267,378,8;430,403,25;614,409,6;1344,436,24;885,455,19;1258,472,15;1255,475,3;1276,500,21;343,-1,;
178,0,;450,10,10;1085,33,23;449,57,22;1361,85,28;908,102,17;1068,130,28;789,141,11;989,161,20;624,176,15;540,186,10;447,199,13;84,214,15;438,236,22;349,241,5;169,249,8;702,282,31;1440,306,24;1439,307,1;1449,317,10;1461,329,12;359,359,30;54,394,35;1068,422,28;806,442,20;1093,459,17;1273,473,14;728,-1,;606,-1,;
281,0,;622,26,26;895,43,17;886,52,9;884,54,2;1361,83,27;536,105,21;253,118,13;433,132,12;331,144,12;1169,172,28;993,186,14;341,210,24;521,218,8;975,240,20;1159,250,10;1344,261,11;795,284,23;1186,315,31;633,334,19;175,350,16;1276,381,31;1254,403,22;1187,430,27;1085,442,12;1260,457,15;343,484,25;713,-1,;706,-1,;
