10
646,0,;630,31,31;348,43,12;1085,62,19;532,81,15;159,98,17;901,124,24;438,143,15;1435,180,37;82,237,57;1095,264,27;621,288,24;894,303,15;622,319,16;1370,347,28;1078,369,22;515,394,23;268,429,35;266,431,2;1280,457,26;1087,474,15;346,495,21;1092,-1,;
504,0,;67,32,32;892,58,23;1460,86,28;65,137,45;167,149,12;613,173,24;1437,199,26;634,242,43;1157,285,41;79,335,50;887,373,38;975,379,6;621,401,22;249,418,16;1177,451,30;1185,459,8;1447,479,20;332,-1,;
1282,0,;70,47,42;1169,81,33;78,120,37;1090,152,30;792,180,28;973,189,9;1273,219,30;1161,241,22;1078,252,11;237,284,31;428,297,13;706,307,10;611,314,7;802,325,11;55,354,27;533,382,28;347,390,8;536,399,9;1277,424,25;433,458,34;249,466,8;978,489,23;520,-1,;
510,0,;1274,44,44;1159,69,25;796,88,19;1165,101,13;1080,110,9;1459,129,19;150,184,49;990,214,30;84,248,34;886,292,44;629,319,25;544,328,9;613,353,25;334,366,13;992,394,28;699,417,23;1172,440,23;338,467,24;633,493,25;1161,-1,;
734,0,;721,13,13;1356,36,23;987,53,17;898,58,5;705,71,13;542,96,25;78,116,20;881,161,43;1180,190,29;1084,196,6;330,230,34;1261,261,31;81,303,42;344,322,19;1448,356,34;1268,368,12;248,402,32;1165,425,23;1264,434,9;700,458,24;1188,496,38;628,-1,;
278,0,;1094,51,51;1177,62,11;172,92,29;1073,131,39;976,142,11;890,150,8;1372,182,32;330,234,52;1168,264,28;515,287,23;713,305,18;909,324,16;1353,350,26;619,372,22;982,387,13;445,414,27;520,433,19;425,444,11;174,475,31;1449,-1,;
971,0,;617,22,22;618,23,1;80,50,26;894,86,32;1444,102,16;1344,112,10;332,142,30;335,145,3;424,150,5;251,165,15;1436,204,37;72,250,46;539,269,17;1348,306,37;513,333,27;337,347,14;791,367,20;1252,384,17;1368,410,26;717,431,21;167,447,14;890,476,29;160,-1,;
1200,0,;1441,16,16;1354,23,7;58,59,36;150,71,12;795,94,23;699,100,6;1450,131,31;901,148,17;805,156,8;1345,184,24;1175,202,18;73,231,28;167,235,4;1280,272,35;625,297,25;243,319,22;61,329,10;72,340,11;70,342,2;1276,378,36;532,402,24;531,403,1;1271,425,20;794,452,27;1183,481,29;349,-1,;
178,0,;1074,44,44;890,50,6;806,60,10;78,84,24;701,119,35;621,133,14;894,148,15;704,159,10;335,174,15;81,202,28;159,218,16;992,247,27;1088,254,6;1446,272,18;636,308,36;1438,354,44;174,406,52;254,420,14;607,445,23;808,468,21;1251,495,27;894,-1,;
281,0,;352,26,26;989,47,21;67,82,30;531,102,20;1085,118,16;1459,132,14;1260,151,19;80,195,42;1172,239,36;354,267,28;1445,308,37;1172,321,13;1093,336,15;1358,353,17;336,387,32;1181,422,35;704,449,27;894,459,10;176,493,34;800,-1,;
