10
646,0,;1263,32,32;1078,43,11;167,72,29;356,83,11;1255,127,41;62,165,31;1184,209,42;984,229,20;884,239,10;1461,276,37;1437,300,24;1280,331,31;1090,343,12;513,380,37;1093,420,40;617,446,26;995,464,18;712,477,13;257,494,17;334,-1,;
504,0,;1091,24,24;262,51,27;249,64,13;1438,99,33;525,126,27;171,148,22;818,171,23;172,193,22;885,232,39;245,257,22;999,291,34;530,310,19;709,323,13;1363,347,24;1353,357,10;237,393,36;1253,423,28;145,453,30;1158,478,25;1447,497,19;903,-1,;
1282,0,;1356,20,20;885,41,21;717,61,20;1459,83,22;358,116,33;1438,164,48;525,191,27;544,210,19;1274,234,24;1440,256,22;251,289,33;612,304,15;1439,335,25;1001,367,32;1184,380,13;721,399,19;1067,429,30;427,454,24;896,473,19;893,476,3;701,488,12;812,-1,;
510,0,;892,22,22;1069,33,11;1359,53,20;1170,68,15;1172,70,2;605,99,27;975,111,12;332,132,21;909,169,37;429,199,30;883,219,20;809,241,20;528,254,13;1260,278,22;721,303,25;1356,326,23;237,365,39;636,404,39;81,421,17;806,450,27;1092,466,16;813,481,15;238,-1,;
734,0,;988,28,28;1345,50,19;630,87,37;904,100,12;358,122,22;798,152,30;709,157,5;1249,181,24;999,213,32;59,253,40;612,272,19;73,297,25;58,312,15;430,326,14;905,351,25;75,373,22;345,385,12;885,409,24;342,430,21;262,444,14;710,466,22;1078,480,14;1076,482,2;1434,500,18;1264,-1,;
278,0,;1280,58,57;816,74,16;608,102,28;1093,137,35;982,158,21;789,173,15;713,192,18;1437,224,28;820,265,41;1187,276,11;514,322,43;1255,347,25;248,374,27;1349,404,27;697,428,24;148,445,17;446,473,28;152,497,24;973,-1,;
971,0,;1346,15,15;1350,19,4;513,48,29;1082,77,29;67,110,33;606,135,25;990,159,24;164,183,24;894,209,26;77,238,29;985,270,32;1173,282,12;1071,294,12;246,317,23;705,330,13;267,362,32;1090,389,27;820,403,14;898,419,16;1163,436,17;59,468,32;1439,-1,;
1200,0,;441,40,40;725,57,14;1268,78,21;521,109,27;979,128,16;1464,163,35;1266,181,18;265,216,33;535,232,14;1364,253,21;1071,276,23;1274,299,23;802,323,22;723,338,15;519,362,24;148,381,19;249,392,11;163,400,8;999,426,26;242,463,37;1082,494,30;882,-1,;
178,0,;1266,40,40;979,59,17;348,90,27;1159,128,35;1065,132,4;239,154,22;990,185,31;56,221,34;1260,257,34;1079,266,9;1003,284,18;168,313,29;1166,349,36;353,382,33;1181,406,24;905,421,12;68,448,27;146,464,16;606,478,14;266,-1,;
281,0,;725,39,39;152,72,33;1264,104,32;708,122,18;443,139,17;728,156,17;535,171,15;1447,201,28;1172,216,15;513,245,29;266,280,35;709,307,27;617,314,6;1451,342,28;721,364,22;150,398,31;252,410,12;242,420,10;332,432,12;425,435,3;1169,461,24;882,478,17;721,-1,;
