10
646,0,;800,19,19;1261,32,13;1442,39,7;526,66,24;152,80,14;448,106,26;529,119,13;974,144,25;1258,160,16;882,178,18;158,208,28;159,209,1;1187,247,38;1458,262,15;1456,264,2;1187,281,17;1088,290,9;68,320,30;239,337,17;1253,369,30;1174,384,15;993,393,9;440,408,15;53,435,27;176,468,33;60,494,26;265,-1,;1257,-1,;
504,0,;1272,31,31;1071,52,21;514,73,21;1352,105,28;1269,116,11;264,147,29;426,173,26;605,184,11;1263,212,28;544,247,33;358,255,8;717,272,17;1164,297,23;900,315,18;979,330,15;329,352,22;524,367,15;58,385,16;798,409,22;446,433,24;170,447,14;246,465,18;79,486,21;812,-1,;1267,-1,;
1282,0,;888,34,34;794,44,10;531,63,19;266,80,17;65,101,21;1066,138,33;1065,139,1;1002,170,31;1461,187,17;1081,207,20;1258,218,11;1081,230,11;1272,241,11;702,271,30;421,284,13;1349,314,30;789,336,22;64,364,27;706,382,16;54,408,24;84,438,30;73,449,11;84,460,11;1274,494,34;1082,-1,;514,-1,;
510,0,;1357,37,37;1458,48,11;727,73,25;359,85,12;440,98,13;1368,126,28;1161,153,27;167,193,40;174,200,7;1279,229,29;360,252,23;425,281,29;974,300,19;890,310,10;1255,323,13;1177,339,16;990,348,9;701,367,19;432,380,13;886,400,16;1157,413,13;1171,427,14;1459,445,18;173,485,38;434,-1,;237,-1,;
734,0,;1269,29,29;76,58,29;338,78,20;516,90,12;147,105,15;617,125,20;620,128,3;726,144,16;268,158,14;78,170,12;796,204,34;795,205,1;1439,227,22;59,265,38;57,267,2;338,280,13;172,302,22;1184,334,32;1071,357,23;973,367,10;521,387,20;804,400,13;337,418,17;434,425,7;805,442,17;1254,463,21;1186,489,26;990,-1,;172,-1,;
278,0,;1157,24,24;1348,37,13;1464,63,26;1360,77,14;537,100,23;448,113,11;243,138,25;151,140,2;621,160,20;1352,183,23;421,216,31;614,231,15;1253,254,21;981,268,14;61,292,24;78,309,17;446,327,16;532,335,8;623,338,3;892,353,15;1166,361,8;1433,380,17;1171,400,20;520,423,21;167,446,23;632,463,17;911,478,13;255,-1,;978,-1,;
971,0,;1258,17,17;1350,19,2;1441,24,5;441,59,34;521,76,14;66,91,15;1077,118,27;1352,127,9;889,140,13;438,162,19;631,175,13;908,192,17;1002,196,4;1165,221,25;1068,228,7;1175,245,17;1092,256,11;1162,280,24;709,297,17;259,317,20;1091,341,24;1346,368,27;973,383,15;1360,412,27;1349,423,11;439,453,30;536,460,7;818,476,16;1265,499,23;612,-1,;245,-1,;
1200,0,;348,41,41;359,52,11;1275,82,28;1264,93,11;1183,106,13;699,140,34;149,160,20;167,178,18;1093,208,28;1166,229,21;1162,233,4;997,256,23;359,280,24;800,309,29;812,321,12;1257,346,25;623,370,24;146,397,27;1342,427,30;1256,435,8;890,447,12;814,465,18;814,465,0;814,467,0;1084,479,12;722,496,14;725,499,3;1279,-1,;341,-1,;
178,0,;1367,33,33;1160,60,27;623,87,27;721,95,8;352,110,13;724,126,16;711,139,13;1458,166,27;1370,178,12;634,200,22;805,217,17;1346,240,23;151,277,35;66,286,9;794,312,24;633,339,27;728,346,7;542,354,8;340,376,22;62,384,8;58,388,4;892,412,24;1082,424,12;973,444,19;1363,474,30;1181,482,8;1257,-1,;267,-1,;
281,0,;1342,26,26;1254,32,6;701,55,23;892,66,11;250,84,18;65,95,9;151,103,8;1160,136,33;1273,159,23;1185,171,12;267,199,26;164,212,13;432,228,16;516,238,10;514,240,2;1078,268,24;984,274,6;1276,296,22;634,318,22;265,333,15;1172,366,33;1346,380,14;1345,381,1;705,403,22;887,413,10;335,433,20;250,442,9;818,472,28;1004,480,8;899,495,15;1269,-1,;817,-1,;
