15
646,0,;264,41,41;171,44,3;329,74,30;817,112,38;629,128,14;1368,153,25;624,177,24;440,185,8;1364,209,24;1461,220,11;336,265,45;912,301,36;1348,335,34;340,362,26;429,367,5;714,382,15;817,395,13;347,417,20;73,427,10;805,452,22;607,470,18;83,-1,;1277,-1,;
504,0,;359,10,10;1271,42,30;544,69,27;335,98,29;912,136,37;800,158,22;1084,174,16;1068,190,16;1066,192,2;1274,220,28;906,236,16;440,252,16;1003,275,23;996,282,7;1268,293,10;252,325,30;801,344,19;423,362,18;149,376,14;711,399,22;163,422,22;992,447,23;995,450,3;815,465,10;435,485,20;241,499,14;1452,-1,;1355,-1,;
1282,0,;71,41,41;982,70,29;160,96,24;1273,129,33;998,142,13;432,168,26;340,170,2;238,182,12;1159,207,25;1439,223,16;1065,239,16;65,274,34;1185,314,40;360,337,23;1437,388,51;422,417,29;1004,459,42;1093,466,7;805,484,18;1186,-1,;331,-1,;
510,0,;1372,52,52;56,108,56;623,135,27;446,146,11;1445,185,35;1073,197,12;1268,212,15;792,238,26;721,261,23;53,299,38;607,315,16;440,336,21;1353,369,31;606,396,27;265,431,35;1185,459,28;1074,480,21;433,497,17;1073,-1,;1170,-1,;
734,0,;175,19,19;632,36,17;349,49,13;1355,79,30;64,112,33;895,135,23;712,148,13;1341,177,29;53,209,30;429,227,18;152,238,11;172,258,20;1444,304,44;1462,322,18;445,355,33;262,366,11;1274,396,30;355,427,29;706,453,25;538,473,20;1068,-1,;1356,-1,;
278,0,;520,17,17;336,27,10;423,34,7;1164,61,27;1068,67,6;717,92,25;1177,104,12;1350,119,15;801,136,15;260,161,23;147,184,23;330,193,9;1442,231,34;1358,241,10;1369,252,11;1448,267,15;1256,279,12;81,328,47;611,362,34;900,383,19;1262,401,18;1183,416,15;1072,437,21;981,444,7;164,474,29;343,487,13;173,-1,;360,-1,;
971,0,;535,34,34;244,55,21;162,67,12;1251,110,39;1278,139,27;444,169,28;797,192,23;715,204,12;334,225,21;515,238,13;1257,266,26;706,281,15;619,288,7;450,307,19;1368,337,28;722,361,24;715,368,7;1451,390,22;1003,414,22;78,443,29;151,464,21;429,476,12;1171,500,22;1179,-1,;
1200,0,;446,45,45;703,70,25;1344,95,25;543,140,45;240,175,33;69,192,17;900,217,25;1352,237,20;908,263,26;354,287,22;1433,336,49;803,364,28;628,377,13;1185,399,21;66,438,39;813,465,27;814,466,1;75,488,21;1162,-1,;1263,-1,;
178,0,;1093,25,25;517,61,36;1068,82,21;264,125,42;1269,154,29;1461,166,12;1070,197,31;613,214,17;1158,237,23;452,286,46;997,307,21;789,335,28;1065,343,8;439,375,32;1278,406,29;1266,418,12;517,447,29;791,461,14;1358,488,27;345,-1,;340,-1,;
281,0,;513,7,7;1456,50,43;901,65,15;530,78,13;543,91,13;1452,122,31;1179,131,9;1343,155,24;1160,166,11;518,190,24;1371,233,43;242,287,49;618,303,16;1080,321,18;1254,335,14;152,367,32;1457,414,45;1074,437,23;57,466,29;808,497,31;347,-1,;434,-1,;
1424,0,;346,43,43;1088,67,22;66,99,32;811,124,25;989,134,10;893,140,6;338,155,15;526,163,8;1450,195,30;1441,204,9;1278,229,25;789,268,39;249,292,24;1180,329,31;708,351,22;1268,375,22;1162,391,16;421,414,23;540,443,29;1273,468,25;1164,487,19;1159,492,5;984,-1,;1457,-1,;
181,0,;1280,29,29;426,75,44;884,95,20;1370,131,36;1161,160,29;240,191,29;881,210,19;987,226,16;1073,234,8;77,274,38;1278,311,37;1164,336,24;629,365,29;627,367,2;75,383,14;1438,430,47;440,466,36;1360,494,24;73,-1,;522,-1,;
1055,0,;447,23,23;529,35,12;1433,73,36;1370,104,31;616,140,34;1096,172,30;1160,202,30;529,229,27;1350,255,25;713,276,21;899,288,12;1253,310,22;69,353,38;436,373,19;1162,401,26;423,426,25;1369,472,46;903,492,18;1278,-1,;620,-1,;
600,0,;1254,24,24;1084,42,18;1253,61,19;1456,84,23;529,115,27;726,132,17;163,157,23;421,181,24;1164,206,25;79,249,43;513,285,36;1464,338,51;818,356,18;819,357,1;246,392,33;1272,428,36;816,446,18;1341,485,39;172,-1,;175,-1,;
316,0,;353,10,10;973,48,38;71,88,38;165,96,6;1179,122,24;425,156,34;807,178,22;59,207,28;702,230,23;164,256,26;520,279,20;1176,306,26;721,321,15;1081,337,16;1356,354,17;341,388,29;1087,416,26;1087,416,0;1087,418,0;360,447,27;432,469,22;426,475,6;1356,-1,;1093,-1,;
