20
646,0,;514,9,9;804,29,20;719,38,9;265,56,18;242,79,23;429,92,11;529,102,10;445,112,10;1358,141,27;1170,155,14;904,171,16;721,180,9;441,190,10;800,209,19;1261,222,13;1173,233,10;1369,249,16;1372,252,3;625,282,27;73,296,14;160,-1,;338,-1,;336,-1,;
504,0,;808,26,25;993,35,7;1363,45,10;1450,52,7;1072,70,18;793,87,15;243,111,22;267,135,24;251,151,16;150,162,11;612,180,18;158,196,16;1171,227,29;1172,228,1;895,243,15;1269,260,16;1252,277,17;1066,287,10;428,-1,;152,-1,;438,-1,;
1282,0,;900,22,22;899,23,1;624,34,11;162,50,16;237,69,19;978,92,23;1357,113,19;1367,123,10;1183,137,14;72,168,31;54,186,18;333,199,13;538,224,25;1268,248,22;1450,258,10;1076,274,16;882,288,14;901,-1,;531,-1,;252,-1,;
510,0,;617,17,17;609,27,8;989,50,20;811,60,10;726,69,9;812,77,8;262,95,18;451,108,13;444,115,7;251,130,13;335,142,10;525,153,10;1164,172,19;1162,174,2;1188,200,26;907,213,13;450,232,19;1083,257,25;1263,271,14;1353,275,4;1442,280,5;803,299,19;996,-1,;976,-1,;153,-1,;
734,0,;268,16,16;353,27,11;705,51,24;1162,68,17;1341,79,11;976,96,13;1353,113,17;433,137,24;151,149,12;145,155,6;81,185,30;812,210,25;1176,224,12;1453,233,9;1264,244,11;1345,257,13;610,284,27;57,-1,;351,-1,;1352,-1,;
278,0,;145,8,8;513,18,10;1444,51,31;1359,62,11;1094,81,17;82,111,28;611,146,35;530,159,13;981,178,19;1158,193,15;1272,217,24;1089,226,9;349,248,20;253,256,8;265,268,12;532,283,15;1083,300,17;986,-1,;886,-1,;
971,0,;607,12,12;156,31,19;990,59,26;1258,73,14;1353,78,5;1370,96,17;544,118,22;1001,133,15;987,147,14;1069,159,12;515,179,20;342,194,15;618,206,12;1447,232,25;1448,233,1;1457,242,9;1176,253,11;720,267,14;171,288,19;717,-1,;1251,-1,;1437,-1,;
1200,0,;1250,5,5;1170,19,14;710,35,16;515,50,15;332,61,11;1346,93,32;522,121,24;973,142,21;897,160,18;1096,180,19;808,200,18;905,207,7;633,224,16;174,241,17;260,249,8;56,273,24;985,-1,;1262,-1,;906,-1,;
178,0,;354,12,12;533,21,9;625,23,2;809,30,6;527,44,14;892,87,13;814,103,16;449,122,19;991,144,22;1452,159,15;1462,169,10;1264,187,18;889,202,15;885,206,4;722,232,25;542,246,14;1274,272,26;1257,289,17;616,-1,;605,-1,;242,-1,;
281,0,;334,8,8;345,19,11;266,34,15;65,55,21;892,79,21;791,90,11;239,108,18;69,126,18;59,136,10;1350,171,33;1456,187,16;636,215,28;348,233,18;75,242,9;609,272,30;702,285,13;889,300,11;440,-1,;1274,-1,;
1424,0,;630,29,29;795,53,23;886,64,11;1257,79,15;1358,90,11;1265,93,3;1460,108,15;1263,125,17;712,146,21;991,164,15;898,167,3;337,189,21;423,197,8;703,213,16;422,228,15;159,247,19;81,263,16;360,274,11;537,287,13;899,-1,;1177,-1,;704,-1,;
181,0,;540,17,17;998,39,20;1464,57,18;1083,78,21;1460,95,17;1344,121,26;1352,129,8;889,142,13;819,170,24;1185,184,14;997,198,14;446,219,19;84,235,16;84,235,0;804,273,32;982,283,10;806,295,12;260,-1,;1457,-1,;1436,-1,;
1055,0,;1352,32,32;1349,35,3;1158,50,15;985,69,15;344,90,21;163,103,13;153,113,10;163,123,10;265,135,12;249,151,16;57,163,12;532,188,25;624,190,2;171,209,17;149,231,22;1078,263,29;1176,271,8;1461,286,15;910,-1,;441,-1,;147,-1,;
600,0,;697,7,7;1164,26,19;153,55,27;238,64,9;421,71,7;253,91,20;256,94,3;73,101,7;1455,133,32;1358,154,7;1166,166,12;980,174,8;881,183,9;426,203,17;162,222,18;719,244,17;998,255,11;1267,269,13;980,286,17;710,298,12;433,-1,;539,-1,;172,-1,;
316,0,;1088,27,27;1165,44,17;700,63,19;1066,77,14;795,95,15;526,108,13;445,125,13;908,144,19;1000,146,2;801,165,19;173,196,30;625,263,18;449,-1,;
143,0,;433,20,20;984,38,15;1179,53,15;1091,59,6;1453,75,14;1458,80,5;439,111,29;435,115,4;352,126,11;352,126,0;352,128,0;356,132,4;437,145,13;716,160,13;984,176,16;993,185,9;817,199,12;1091,217,16;1090,218,1;1278,232,14;1357,247,15;1249,265,18;977,277,12;1253,293,16;514,-1,;164,-1,;1370,-1,;
273,0,;629,20,20;1361,42,20;1276,51,9;805,72,21;901,80,8;535,90,10;357,102,12;426,127,25;698,141,14;887,154,13;1349,173,16;793,195,20;725,221,26;266,240,17;72,254,14;77,260,5;83,266,6;722,289,23;1166,-1,;1256,-1,;54,-1,;
869,0,;1463,17,17;260,56,37;152,74,18;797,95,19;985,103,8;1261,113,10;1174,124,11;1184,134,10;818,150,16;440,168,18;1077,193,25;524,212,15;427,219,7;66,234,15;711,257,21;809,265,8;631,275,10;543,282,6;173,296,14;158,-1,;885,-1,;1088,-1,;
871,0,;1078,28,28;1452,46,18;1438,60,14;1252,74,14;709,96,21;61,114,18;58,117,3;330,131,14;248,143,12;979,166,21;1262,181,13;1250,193,12;240,221,28;261,242,21;632,259,17;544,265,6;999,282,17;1368,-1,;1350,-1,;250,-1,;
1194,0,;356,28,28;160,44,16;163,47,3;160,50,3;539,69,19;1185,95,24;986,114,19;888,122,8;613,134,11;629,152,16;815,164,12;1091,180,16;172,211,31;150,233,22;514,249,16;1436,277,26;991,-1,;813,-1,;78,-1,;
