10
646,0,;1158,17,17;904,45,28;978,65,20;710,79,14;430,91,10;904,115,24;1173,128,13;884,147,19;900,165,16;1179,174,9;892,191,17;897,196,5;354,218,21;53,249,31;1077,287,34;1078,288,1;245,311,23;634,340,29;976,375,34;818,405,30;987,424,19;802,435,11;176,469,32;906,493,24;1450,-1,;
504,0,;1446,45,45;625,72,27;1092,89,17;1265,106,15;169,138,32;990,164,25;1258,178,14;344,206,26;716,222,16;819,235,13;903,247,12;525,265,18;1370,300,35;973,337,37;1258,354,17;421,385,29;988,412,27;246,434,22;885,457,21;817,483,26;351,-1,;
1282,0,;359,23,23;798,55,31;353,80,25;1254,119,39;249,148,29;883,176,24;907,200,24;427,230,30;984,247,17;1065,260,13;982,273,13;164,301,28;331,322,21;346,337,15;896,359,22;802,372,10;243,391,19;1094,434,41;348,460,26;1437,500,39;704,-1,;
510,0,;907,37,37;1253,67,30;329,93,26;1095,139,46;617,171,28;238,190,19;1256,222,32;790,242,20;1359,273,29;146,316,43;804,344,28;627,355,11;1085,367,12;1446,384,17;77,427,41;1068,470,43;984,480,10;1168,486,6;1069,495,9;1453,-1,;
734,0,;633,11,11;164,30,19;1069,65,35;1350,79,13;1072,89,10;628,115,26;727,128,13;716,139,11;712,143,4;533,154,11;1093,174,20;540,195,21;1003,212,17;614,244,29;1459,279,35;265,315,36;1176,344,29;607,375,29;446,402,27;712,420,16;79,445,25;727,467,22;240,-1,;
278,0,;424,11,11;539,36,25;531,44,8;986,65,21;1355,80,15;254,115,35;996,139,22;697,168,29;533,192,24;906,207,13;978,229,22;1448,249,20;1160,267,18;888,283,16;167,314,31;146,335,21;238,337,2;895,364,27;712,377,13;1253,400,23;1084,419,19;1072,431,12;162,463,30;1344,-1,;
971,0,;889,12,12;520,25,13;699,40,15;53,58,18;723,98,40;263,118,20;617,143,22;881,161,18;542,198,37;1276,222,24;608,260,38;173,295,35;807,319,24;1186,338,19;1179,345,7;358,376,27;1255,419,43;347,454,32;53,478,24;344,499,21;357,-1,;
1200,0,;1072,13,13;428,33,20;1436,65,32;1370,93,28;1444,113,20;1168,121,8;996,137,16;60,173,36;1446,211,36;706,231,20;241,250,17;1004,293,43;1087,306,13;1266,315,9;980,331,16;1179,350,19;715,364,14;266,385,21;1280,411,26;1368,417,6;1171,434,17;355,469,30;624,482,13;908,496,14;1453,-1,;
178,0,;816,20,20;256,40,20;1354,80,34;1365,91,11;1088,102,11;1096,110,8;905,123,13;1078,141,15;1183,156,15;1084,165,9;793,186,21;1348,207,21;330,239,32;332,241,2;148,253,12;702,275,22;1069,294,19;519,316,22;1457,354,38;248,395,39;722,419,24;985,438,19;248,461,19;1185,498,37;903,-1,;
281,0,;894,28,28;1169,39,11;351,67,28;78,78,11;259,87,9;336,104,17;162,118,14;256,122,4;517,143,21;77,173,30;447,189,16;167,201,12;728,226,23;1070,263,34;795,278,15;449,308,30;1267,336,28;790,363,27;1162,379,16;1433,392,13;984,415,21;713,428,13;263,448,20;1458,483,35;1083,498,15;1256,-1,;
