20
646,0,;1160,19,19;62,53,32;259,72,17;357,82,10;714,102,19;982,119,14;435,136,17;267,159,20;1092,184,25;1368,200,16;1088,214,14;1175,221,7;811,233,12;713,242,8;607,258,16;439,278,20;898,298,17;434,318,20;1364,348,30;1273,351,3;1279,357,6;262,388,31;722,418,18;268,436,18;911,453,17;544,464,11;542,466,2;610,492,26;608,494,2;885,-1,;804,-1,;154,-1,;
504,0,;450,9,9;719,24,15;344,39,15;438,43,4;713,60,15;701,72,12;697,76,4;885,86,10;342,111,21;803,129,17;355,151,22;162,164,13;146,180,16;794,202,22;1264,225,20;1188,243,18;451,262,19;817,276,14;1444,309,31;973,330,21;1068,337,7;792,351,14;422,366,14;616,380,14;715,392,11;797,404,12;1163,418,14;1090,439,21;1004,449,10;990,463,14;1445,482,19;156,-1,;71,-1,;445,-1,;
1282,0,;1463,7,7;904,30,23;725,43,13;251,67,24;618,82,15;906,100,18;1076,118,18;1067,127,9;700,142,15;809,161,19;706,174,13;444,194,20;358,202,8;622,220,18;634,232,12;1456,262,28;1084,274,12;1065,293,19;1434,304,11;881,321,15;620,342,21;157,359,17;345,371,12;446,382,11;726,398,16;804,414,16;522,426,12;1441,449,23;1093,477,28;1004,484,7;900,498,14;538,-1,;518,-1,;609,-1,;
510,0,;699,9,9;1065,21,12;800,38,17;65,57,19;985,82,24;988,85,3;1358,108,18;633,137,27;70,160,23;518,182,22;981,199,17;803,209,10;1264,234,19;1359,239,5;1370,250,11;71,291,39;543,313,22;814,328,15;1179,341,13;433,369,26;514,382,13;701,393,11;895,407,14;895,407,0;895,409,0;1000,424,15;1363,439,15;1349,453,14;901,477,22;347,493,16;251,-1,;329,-1,;1462,-1,;
734,0,;809,19,19;530,32,11;170,48,16;146,72,24;1437,107,35;884,128,21;1354,148,20;1274,162,14;1069,187,25;1093,211,24;357,235,24;81,249,14;988,282,33;995,289,7;993,291,2;252,319,23;791,344,25;1437,368,22;792,391,23;1345,412,21;1072,427,15;1274,449,22;1460,463,14;358,497,32;261,-1,;1166,-1,;882,-1,;
278,0,;976,23,23;987,34,11;797,46,10;349,68,22;635,84,16;1164,119,35;1436,135,16;1435,136,1;152,175,39;800,195,18;814,209,14;1343,244,35;1435,252,8;57,290,38;154,301,9;629,422,25;530,431,9;708,443,12;988,455,12;1262,469,14;1262,469,0;1262,471,0;1257,476,5;621,498,22;58,-1,;
971,0,;1345,14,14;1074,27,13;974,40,12;239,62,21;154,71,9;257,84,13;541,98,14;1085,120,20;801,136,16;434,149,13;1441,179,27;1438,182,3;1252,196,14;1071,211,15;986,222,9;896,226,4;441,243,17;264,254,11;726,272,18;814,278,6;892,294,16;1433,319,23;606,340,21;611,345,5;256,366,21;267,377,11;633,393,14;999,411,18;1179,421,10;712,438,17;333,459,19;245,469,10;338,474,5;797,487,13;899,499,12;903,-1,;75,-1,;516,-1,;
1200,0,;793,16,16;801,24,8;1082,43,15;1188,59,16;726,73,14;444,89,16;622,99,10;1180,119,18;1356,131,12;1447,142,11;1448,143,1;254,184,36;334,198,14;333,199,1;516,212,13;988,234,22;886,246,12;900,260,14;1182,275,12;1094,281,6;725,296,15;171,318,22;335,342,24;699,360,18;1157,374,14;886,387,13;338,406,18;720,428,22;907,439,11;1273,455,16;1267,461,6;1067,483,20;893,497,14;1169,-1,;436,-1,;632,-1,;
178,0,;440,20,20;792,44,24;883,53,9;1441,75,22;997,101,26;440,118,17;68,135,16;73,140,5;542,164,19;519,191,23;610,194,3;618,202,8;437,215,13;806,233,17;1271,250,15;1346,269,19;1258,275,6;69,310,33;434,331,17;632,349,18;634,351,2;1370,375,22;1453,388,11;1094,413,17;818,427,12;1094,439,12;715,460,19;336,479,19;243,488,9;720,-1,;
281,0,;147,7,7;791,27,20;616,40,13;60,56,16;526,72,16;980,88,16;517,111,19;719,134,22;815,140,6;820,145,5;802,163,18;893,170,7;1261,182,12;1353,184,2;1177,198,14;1184,205,7;1279,214,9;79,248,34;348,261,13;241,278,17;513,290,12;980,309,19;716,327,18;887,344,17;1072,355,11;1090,373,18;998,383,10;908,387,4;82,415,26;444,433,18;533,438,5;998,453,15;1463,474,19;1179,490,16;893,-1,;611,-1,;441,-1,;
1424,0,;1369,10,10;171,47,36;255,57,10;156,66,9;433,75,9;1166,95,19;889,104,9;789,116,12;1168,135,19;64,163,26;160,173,8;154,179,6;237,190,11;439,212,22;908,231,19;1087,242,11;985,257,12;1072,264,7;1446,278,14;816,306,28;75,345,23;81,351,6;1088,384,31;986,396,12;1433,419,23;237,447,28;62,462,15;172,482,20;724,-1,;897,-1,;1464,-1,;
181,0,;354,15,15;59,40,25;1161,78,34;1348,93,13;1267,106,13;1371,120,14;360,145,25;543,152,7;1002,167,15;1177,180,13;1278,191,11;266,219,28;427,246,27;709,258,12;993,276,16;984,285,9;1175,298,13;1452,309,11;1173,322,13;1093,336,14;818,349,13;1085,364,15;1161,382,18;790,399,15;885,408,9;697,418,10;1449,451,32;440,482,29;356,492,10;349,499,7;452,-1,;345,-1,;147,-1,;
1055,0,;1073,31,29;514,54,23;1253,77,23;992,98,21;716,108,10;1462,134,26;1352,154,20;1344,162,8;1182,190,26;71,221,31;64,228,7;146,240,12;609,257,17;616,264,7;436,294,10;900,312,18;1368,330,18;1355,343,13;1446,352,9;894,372,18;426,390,18;66,406,16;73,413,7;1181,442,28;1280,453,11;1273,464,7;610,-1,;521,-1,;448,-1,;
600,0,;973,13,13;623,39,26;261,53,14;517,79,26;1080,102,23;1280,122,20;996,138,16;1175,147,9;816,164,17;262,186,22;529,201,15;530,202,1;725,217,15;608,244,27;421,254,9;438,271,17;812,287,14;807,292,5;890,303,11;1160,317,14;333,344,27;627,368,24;635,376,8;1003,388,12;1184,399,11;439,424,25;632,437,13;884,467,30;976,469,2;1066,477,8;609,496,17;711,-1,;1078,-1,;811,-1,;
316,0,;76,15,15;908,43,26;1359,62,19;1068,83,21;332,109,24;791,126,17;706,135,9;625,148,13;165,160,12;149,176,16;53,184,8;1434,217,33;1173,238,21;1463,260,20;1000,277,17;1080,291,14;429,315,21;425,319,4;423,321,2;158,338,17;441,353,15;342,362,9;429,369,7;162,384,15;722,404,20;1188,422,18;1081,439,17;1076,444,5;1177,455,11;1255,471,16;1434,484,13;1074,-1,;606,-1,;360,-1,;
143,0,;249,16,16;244,21,5;986,46,22;1451,67,21;1435,85,16;1433,87,2;338,126,35;164,140,14;60,154,14;1073,183,27;987,191,8;704,204,13;65,223,19;527,239,16;1266,267,27;630,291,22;1458,321,26;358,355,34;75,372,15;359,388,16;622,407,19;800,419,12;331,438,19;452,485,31;1275,-1,;814,-1,;427,-1,;
273,0,;1000,25,25;1085,34,9;894,47,13;710,57,10;1078,71,14;1450,89,18;441,118,27;525,130,12;524,131,1;250,141,10;340,147,6;262,163,16;719,180,15;1260,203,23;978,217,12;425,240,23;238,251,11;55,260,9;1341,294,32;1076,311,17;1169,314,3;1067,327,12;613,351,20;1451,379,28;629,406,24;813,416,10;993,424,8;717,432,8;173,453,20;67,469,16;55,481,12;245,497,14;987,-1,;1000,-1,;176,-1,;
869,0,;1162,36,36;704,54,18;709,59,5;887,69,10;608,86,17;423,97,11;65,115,18;165,127,12;1459,164,34;1349,184,20;1165,192,8;1255,223,8;1458,246,23;701,291,37;516,304,13;58,324,20;438,346,20;353,355,9;1272,381,25;1463,396,15;892,427,31;700,439,12;161,464,25;79,-1,;
871,0,;1004,8,8;1459,26,17;1266,39,13;532,62,22;1455,85,23;1457,87,2;606,129,41;330,139,10;611,156,15;343,170,14;335,178,8;886,199,21;1447,220,21;1263,232,12;1081,246,14;987,260,12;1161,280,14;1184,303,23;1367,318,15;451,346,28;450,347,1;169,364,17;153,380,16;344,391,11;156,401,10;702,419,18;795,422,3;709,430,8;528,441,11;814,457,16;1074,479,22;1344,493,14;1444,-1,;1458,-1,;1183,-1,;
1194,0,;452,22,22;331,53,31;58,68,15;58,68,0;618,91,20;1348,113,22;515,142,29;1341,166,22;153,204,36;260,221,17;261,222,1;175,230,8;715,254,24;1073,272,18;242,299,25;329,308,9;161,330,20;73,338,8;1461,376,38;1444,393,17;1349,398,5;1348,399,1;165,445,39;907,467,22;529,485,18;252,-1,;1451,-1,;1440,-1,;
