20
646,0,;791,10,10;808,27,17;1180,39,12;973,66,27;609,80,14;713,97,14;61,121,22;526,136,15;896,152,16;1348,170,18;979,185,15;1450,206,21;1455,211,5;896,230,19;990,234,4;881,253,19;60,280,27;797,-1,;801,-1,;78,-1,;
504,0,;351,18,18;432,31,13;432,31,0;432,35,0;347,44,9;1170,73,29;886,88,14;1435,109,21;341,148,34;248,153,5;252,157,4;267,172,15;450,181,9;819,194,13;1458,217,23;1266,229,12;910,249,20;807,262,13;715,264,2;700,279,15;708,287,8;433,296,9;329,-1,;1173,-1,;1361,-1,;
1282,0,;1183,9,9;1266,20,11;446,48,26;440,54,6;253,65,11;176,82,17;802,114,32;701,125,11;1081,146,20;1090,155,9;1446,175,20;343,207,31;164,223,13;814,243,20;78,269,24;353,282,13;440,-1,;1159,-1,;816,-1,;
510,0,;520,10,10;627,27,17;616,38,11;618,40,2;1171,65,19;1172,66,1;1250,82,16;1448,100,18;988,120,20;616,134,14;712,142,8;69,167,25;265,183,16;163,195,12;908,220,25;1003,225,5;621,247,22;360,268,21;988,299,30;1085,-1,;516,-1,;151,-1,;
734,0,;1280,18,18;997,35,15;1077,49,14;1441,61,12;537,97,36;1251,241,38;1449,259,18;631,289,28;632,290,1;354,-1,;1184,-1,;1069,-1,;
278,0,;793,20,20;622,39,17;257,52,13;720,65,13;445,76,11;517,98,22;1451,136,34;1364,143,7;1365,144,1;171,178,34;68,191,13;151,202,11;618,222,17;621,225,3;524,232,7;518,238,6;805,255,17;1355,279,22;1174,294,15;1369,-1,;1441,-1,;517,-1,;
971,0,;1434,15,13;1438,19,4;1074,33,14;992,45,12;1447,66,19;899,88,22;883,106,16;977,110,4;1076,120,9;711,134,13;1445,158,22;610,185,25;174,219,34;175,220,1;538,237,17;618,251,14;252,269,16;345,282,13;446,-1,;430,-1,;159,-1,;
1200,0,;1344,9,9;897,32,23;704,45,13;238,65,20;541,98,33;1452,127,29;1358,135,8;525,166,27;606,179,13;60,203,22;1344,243,38;1358,257,14;610,287,28;1072,-1,;541,-1,;633,-1,;
178,0,;1085,33,33;1082,36,3;612,56,20;163,77,21;70,86,9;619,110,23;1363,136,24;989,152,14;612,173,17;633,194,21;81,214,20;449,230,16;890,259,29;1261,273,11;1263,275,2;1082,290,15;717,-1,;1186,-1,;173,-1,;
281,0,;422,6,6;611,19,13;248,32,13;67,41,9;443,59,16;150,82,23;240,86,4;709,105,19;800,108,3;627,123,15;445,131,8;521,149,18;72,171,21;1172,203,32;1345,218,15;1251,222,4;1269,240,18;982,257,17;254,281,24;161,284,3;169,292,8;353,-1,;984,-1,;796,-1,;
1424,0,;78,41,41;165,48,7;906,70,21;1083,81,11;887,97,16;795,107,10;881,117,10;989,136,18;716,149,13;438,161,12;448,171,10;987,196,25;978,205,9;976,207,2;515,224,17;152,243,19;68,253,10;352,267,14;1169,296,29;1445,-1,;1179,-1,;62,-1,;
181,0,;722,23,23;1002,39,16;1343,74,35;514,97,23;424,105,8;725,136,31;998,153,17;1089,162,9;1068,185,21;802,201,16;158,223,20;260,235,12;238,257,22;237,258,1;1255,-1,;1344,-1,;1158,-1,;
1055,0,;988,22,22;885,36,13;518,55,19;789,68,13;57,90,22;351,114,24;812,130,13;816,134,4;544,146,12;354,158,12;1186,186,28;1451,203,17;1001,223,20;1453,243,18;439,269,26;439,269,0;439,271,0;903,285,14;805,293,8;710,-1,;427,-1,;1263,-1,;
600,0,;1067,17,17;521,39,22;344,50,11;721,69,17;1371,93,24;528,131,33;437,144,13;425,156,12;1158,179,23;428,205,26;793,222,17;808,237,15;1002,251,14;1457,272,21;1001,296,20;912,-1,;988,-1,;445,-1,;
316,0,;635,10,10;911,20,10;1000,25,5;1370,41,16;1457,54,13;1350,71,17;148,107,34;147,108,1;428,125,17;1066,149,24;168,195,42;246,213,16;58,223,10;720,257,32;1176,275,14;1360,283,8;1369,292,9;713,-1,;631,-1,;429,-1,;
143,0,;1068,26,25;1444,42,16;158,74,32;55,87,13;81,113,26;634,132,19;909,145,13;79,173,28;344,190,17;246,198,8;161,207,9;535,221,14;623,227,6;706,238,11;1161,255,17;1357,271,16;705,293,22;1073,-1,;1163,-1,;542,-1,;
273,0,;72,21,21;157,34,13;714,57,21;912,75,18;1357,100,25;1280,117,17;441,146,29;605,170,24;790,177,7;56,200,22;72,216,16;349,225,9;150,244,19;798,264,20;251,281,17;264,294,13;800,-1,;1166,-1,;1065,-1,;
869,0,;428,36,36;334,40,4;1161,71,29;1360,90,19;1367,97,7;630,126,25;625,131,5;717,135,4;1085,145,10;1069,163,16;432,184,21;161,197,13;55,215,16;1254,250,35;1079,263,13;798,277,11;1445,298,17;1001,-1,;337,-1,;172,-1,;
871,0,;990,22,22;803,37,15;1442,61,19;423,92,31;452,121,29;334,149,28;611,165,15;985,183,14;1341,207,20;147,239,30;887,267,26;906,286,19;1088,296,10;254,-1,;334,-1,;241,-1,;
1194,0,;908,16,16;995,23,7;905,27,4;437,47,18;435,49,2;151,63,14;250,72,9;996,98,26;806,108,10;1074,122,14;1073,123,1;1067,129,6;1456,158,29;995,173,13;811,179,6;895,189,10;798,196,7;544,224,28;1279,243,19;1278,244,1;1267,255,11;446,283,25;76,297,14;346,-1,;174,-1,;249,-1,;
