15
646,0,;704,13,13;722,31,18;1460,59,26;532,87,28;517,102,15;154,117,15;605,138,21;1348,163,25;522,190,22;618,196,6;343,209,13;60,222,13;893,247,23;636,272,25;264,286,14;1367,321,35;1168,340,19;1068,350,10;714,372,22;354,388,16;1002,412,24;701,443,31;1074,460,15;977,469,9;1433,485,16;513,-1,;174,-1,;
504,0,;721,18,18;426,45,25;973,64,19;421,78,14;161,100,22;636,125,25;1186,143,16;1004,151,8;1372,161,10;894,189,28;1079,200,11;1071,208,8;715,228,20;254,245,17;518,263,18;56,283,20;975,310,27;991,326,16;1268,337,11;159,370,33;66,379,9;892,403,22;1252,419,16;152,455,34;73,470,15;539,488,16;630,491,3;448,-1,;1164,-1,;
1282,0,;1171,21,21;65,51,30;149,61,10;145,65,4;1073,98,30;341,118,20;1164,141,23;1280,167,26;1280,167,0;1280,169,0;1254,197,26;1341,204,7;1252,209,5;1463,240,31;1004,253,13;170,279,26;618,301,22;335,314,13;1439,346,32;1451,358,12;813,378,20;1280,397,19;1359,412,15;1071,433,18;1065,439,6;1254,450,11;516,478,26;625,497,19;357,-1,;1463,-1,;
510,0,;1256,26,26;1073,35,9;978,44,9;1078,54,10;900,68,14;988,74,6;250,102,24;537,119,17;816,135,15;630,149,14;1260,177,28;883,196,17;912,225,29;78,251,26;1188,285,32;351,314,29;1361,339,24;266,372,33;610,404,32;697,413,9;889,427,14;151,449,22;158,456,7;437,471,15;817,491,20;1001,-1,;976,-1,;
734,0,;812,16,16;708,30,14;342,42,12;980,64,20;1160,78,14;1345,91,13;1446,102,11;1457,113,11;805,137,22;338,155,17;1160,181,26;1073,188,7;158,213,25;793,236,23;804,247,11;1169,262,15;817,288,24;448,307,17;909,326,19;1094,337,11;1004,343,6;992,355,12;897,360,5;151,386,26;243,388,2;1435,424,36;1071,442,18;1280,471,29;176,497,26;160,-1,;1165,-1,;
278,0,;335,12,12;331,16,4;1094,64,43;1095,65,1;1363,81,16;261,109,28;1183,137,28;801,159,22;425,177,16;520,188,11;606,196,8;238,208,12;886,230,22;1439,252,21;1343,264,12;337,298,32;528,309,11;1001,332,23;1253,362,30;428,394,27;452,418,24;268,424,6;156,446,22;706,462,14;610,471,8;1176,497,26;1453,-1,;1187,-1,;
971,0,;1258,17,17;1447,26,9;1275,42,16;812,59,17;1352,85,24;975,102,17;631,134,32;1188,155,19;1003,162,7;804,181,19;1081,198,17;1446,215,17;1185,236,21;1342,267,31;608,289,22;513,294,5;894,315,21;1269,334,17;616,361,25;705,366,5;635,390,24;1458,417,27;1164,441,24;992,457,16;78,483,26;62,499,16;634,-1,;1273,-1,;
1200,0,;66,41,41;436,59,16;450,73,14;160,93,20;169,102,9;912,128,25;452,140,12;434,158,18;613,167,9;1440,194,23;1160,210,16;1354,224,14;612,247,22;975,266,19;909,294,28;72,322,27;606,352,30;73,383,31;531,397,14;711,411,14;1448,440,25;517,472,31;329,482,10;57,494,12;167,-1,;170,-1,;
178,0,;1464,30,30;1182,44,14;618,68,24;797,77,9;1068,92,15;1269,113,21;1277,121,8;1367,125,4;618,154,29;335,172,13;1070,200,25;1071,201,1;1445,215,14;1157,235,18;883,245,10;432,266,19;791,283,17;1175,307,24;1088,314,7;898,324,10;1464,351,26;886,390,38;332,414,22;62,428,14;162,438,10;343,453,15;801,473,16;701,483,10;893,495,12;1274,-1,;174,-1,;
281,0,;237,3,3;1435,33,30;1442,40,7;1090,64,24;537,83,19;84,102,19;62,124,22;898,150,26;896,152,2;1185,171,19;1371,181,10;1080,202,21;1436,222,20;1359,241,17;1085,251,10;911,265,14;1363,285,20;634,310,25;542,312,2;907,329,17;801,345,16;802,346,1;337,361,15;331,367,6;65,383,16;337,393,10;1171,418,24;1452,433,15;712,457,24;608,472,14;148,490,18;242,494,4;240,496,2;353,-1,;725,-1,;
1424,0,;996,23,23;901,28,5;1183,40,12;525,70,28;434,77,7;706,87,10;1348,106,18;1261,113,7;988,126,13;907,139,13;1364,157,17;1074,177,20;884,189,12;898,203,14;907,212,9;1272,227,15;820,247,20;525,272,25;434,279,7;1446,309,28;1442,313,4;1255,322,9;1090,345,23;541,368,23;357,380,12;533,392,12;243,412,20;715,434,22;1280,461,25;1254,489,26;979,-1,;344,-1,;
181,0,;1094,27,27;345,57,29;436,60,3;1079,83,23;1263,97,12;727,125,28;522,150,25;330,164,14;881,181,15;991,201,20;997,207,6;68,236,29;66,238,2;59,245,7;976,276,31;709,294,15;1346,315,21;1096,347,32;452,363,16;359,366,3;353,372,6;445,374,2;1171,402,26;901,416,14;1258,435,19;1067,449,13;521,473,22;795,485,12;1250,-1,;263,-1,;
1055,0,;611,39,39;889,51,12;711,61,10;330,84,21;620,104,20;613,111,7;723,133,20;524,152,19;237,169,17;1341,195,26;1066,204,9;1442,222,18;1440,224,2;618,248,24;254,268,18;73,277,9;238,300,23;342,314,14;268,334,20;262,340,6;819,363,21;905,375,12;1085,383,8;1262,396,13;1447,407,11;805,433,24;447,453,18;334,476,23;348,490,14;907,-1,;1252,-1,;
600,0,;1080,31,30;539,54,23;70,73,19;60,83,10;436,102,16;1182,128,26;1161,151,21;424,176,25;145,187,11;890,214,27;430,228,12;704,238,10;433,249,11;722,269,19;997,282,13;1089,290,8;1355,306,16;620,334,25;260,350,16;167,353,3;151,369,16;612,392,17;905,415,23;261,435,20;711,455,20;1264,476,21;1440,488,12;1341,499,11;606,-1,;804,-1,;
316,0,;533,18,18;809,26,8;1076,43,17;793,58,13;1068,73,15;1089,94,21;1093,98,4;355,124,26;1068,163,39;1341,174,11;1258,185,11;256,221,32;250,227,6;70,243,14;54,259,16;990,296,36;1089,305,9;712,322,17;336,339,16;433,346,7;1344,379,29;1066,391,12;897,410,19;1260,425,15;1453,441,15;723,463,22;536,474,11;536,474,0;536,476,0;611,496,19;149,-1,;68,-1,;
