20
646,0,;613,14,14;897,28,14;1001,42,14;1187,52,10;1277,60,8;1458,75,15;623,100,25;241,-1,;
504,0,;1279,24,24;1168,45,21;804,59,14;789,74,15;1437,94,20;1349,-1,;1358,-1,;248,-1,;
1282,0,;724,19,18;250,44,24;423,59,15;1342,84,25;1347,89,5;426,-1,;543,-1,;172,-1,;
510,0,;426,10,10;439,23,13;989,46,20;1267,60,14;1275,68,8;1173,82,12;1093,96,14;542,-1,;1249,-1,;1341,-1,;
734,0,;906,16,16;988,28,12;1444,44,16;1079,57,13;1278,76,19;722,98,22;802,-1,;171,-1,;
278,0,;159,22,22;808,49,23;1272,63,14;1453,70,7;1442,81,11;1352,85,4;1067,100,15;793,-1,;910,-1,;
971,0,;705,16,16;517,29,12;1162,54,25;1184,76,22;630,98,22;529,-1,;1095,-1,;162,-1,;
1200,0,;791,14,14;715,32,18;529,45,12;246,58,13;978,82,22;1445,99,17;996,-1,;340,-1,;1003,-1,;
178,0,;900,30,30;802,42,12;629,57,15;67,79,22;343,93,14;515,-1,;982,-1,;629,-1,;
281,0,;147,7,7;1436,42,35;607,67,25;628,88,21;356,-1,;1089,-1,;1268,-1,;
1424,0,;1169,30,30;617,48,16;430,55,7;888,70,14;985,77,7;1180,96,15;1179,97,1;814,-1,;636,-1,;267,-1,;
181,0,;716,29,29;1078,49,18;700,67,18;790,71,4;608,81,10;427,96,15;245,-1,;712,-1,;1449,-1,;
1055,0,;905,15,15;1173,29,14;1445,43,14;1456,54,11;885,87,31;607,-1,;531,-1,;81,-1,;
600,0,;1174,34,34;997,47,11;908,52,5;1001,55,3;982,74,19;1163,83,9;1094,-1,;722,-1,;54,-1,;
316,0,;624,21,21;899,35,11;355,57,20;170,70,13;358,84,14;154,-1,;153,-1,;801,-1,;
143,0,;883,20,20;884,21,1;1079,36,15;980,45,9;524,60,14;240,74,14;795,97,23;1266,-1,;1002,-1,;1463,-1,;
273,0,;255,18,18;814,40,19;806,48,8;519,65,17;60,82,17;60,82,0;60,84,0;710,-1,;1262,-1,;1464,-1,;
869,0,;1181,17,17;1000,32,13;528,55,22;432,63,8;163,78,15;728,-1,;909,-1,;789,-1,;
871,0,;1087,19,19;1457,31,12;713,56,24;537,68,12;257,78,10;264,85,7;1182,-1,;988,-1,;886,-1,;
1194,0,;436,49,38;244,63,12;796,86,18;984,94,8;1166,100,6;1160,-1,;632,-1,;
