15
646,0,;982,21,21;715,36,15;357,54,18;1278,81,27;173,112,31;1168,153,39;66,186,28;78,198,12;1170,236,36;1372,258,22;812,280,22;610,302,22;541,327,25;612,350,23;84,386,36;1251,441,55;430,468,27;981,485,15;884,492,7;1457,-1,;608,-1,;
504,0,;811,22,22;450,41,17;1065,84,43;635,126,40;1436,171,45;153,208,37;1261,238,28;1080,249,11;974,265,16;1276,297,32;1365,302,5;435,332,30;623,346,14;1261,371,24;1352,374,3;332,404,30;243,417,13;421,429,12;710,448,19;1163,467,17;1169,473,6;608,495,21;1095,-1,;249,-1,;
1282,0,;56,56,56;538,88,32;440,96,8;719,105,9;1359,123,18;255,153,30;520,170,17;55,191,21;539,225,34;521,243,18;164,262,19;257,265,3;352,270,5;357,275,5;715,293,18;1070,314,21;58,348,32;1452,396,44;450,430,32;1444,470,40;1433,481,11;625,-1,;170,-1,;
510,0,;254,26,26;1004,58,30;816,68,10;1070,97,28;1164,101,4;248,125,24;998,157,30;809,166,9;883,186,20;518,203,17;618,213,10;628,223,10;904,233,10;812,239,6;896,249,10;901,254,5;1280,273,19;541,294,21;242,323,29;533,344,21;336,361,17;1372,407,46;979,440,33;333,464,24;636,497,33;1261,-1,;148,-1,;
734,0,;1172,32,32;1261,41,9;898,58,17;1180,70,12;892,88,18;697,103,15;1249,117,14;427,143,26;249,153,10;976,178,25;901,197,19;887,211,14;624,230,19;535,235,5;1437,276,38;1263,290,14;815,312,22;256,332,19;820,356,24;977,387,31;71,421,34;899,445,24;901,447,2;716,455,7;437,468,13;452,483,15;1461,-1,;423,-1,;
278,0,;631,38,38;814,51,13;60,85,34;248,93,8;527,104,11;151,122,16;1260,153,29;909,180,25;1460,201,21;1186,215,14;613,249,33;1166,264,15;452,302,38;262,314,12;69,327,13;1353,367,36;901,388,20;76,411,21;536,425,14;248,445,18;1168,471,22;890,479,8;439,-1,;906,-1,;
971,0,;54,23,23;1343,56,33;723,94,38;818,99,5;1347,134,35;1354,141,7;1080,155,14;1271,166,11;251,198,30;815,222,24;619,238,16;252,255,17;723,278,21;609,302,24;618,311,9;998,335,20;623,350,15;335,368,18;625,388,20;1261,416,24;267,460,40;153,484,24;816,-1,;1254,-1,;
1200,0,;1254,9,9;1346,11,2;441,46,35;349,48,2;532,55,7;242,75,20;345,88,13;240,106,15;1002,151,42;439,174,23;793,196,22;146,217,21;342,233,16;714,251,18;1363,270,19;882,301,31;619,320,19;712,331,11;719,338,7;1004,355,17;1074,380,24;1265,391,11;900,409,15;1171,424,15;813,442,18;340,465,23;721,486,21;1172,-1,;1349,-1,;
178,0,;80,8,8;423,41,33;1076,64,23;1159,75,11;622,103,27;240,127,22;1087,166,37;614,191,23;1365,222,31;798,249,27;820,271,22;1348,307,36;712,329,22;67,354,23;163,366,12;1370,408,37;629,437,27;71,455,18;173,467,12;881,-1,;1353,-1,;
281,0,;264,30,30;896,58,26;359,85,27;79,99,14;805,125,26;434,142,17;355,157,15;992,180,21;1271,189,9;1074,206,17;1261,213,7;1158,226,13;1440,242,16;175,295,51;62,318,23;267,343,25;1369,373,30;1002,388,15;887,413,25;991,427,14;1162,444,17;815,473,29;357,493,20;262,-1,;249,-1,;
1424,0,;447,32,32;882,67,35;1077,82,15;714,102,17;607,119,17;1087,151,30;618,172,19;172,196,24;173,197,1;1456,235,37;981,260,25;1002,281,21;349,304,23;815,320,16;1163,348,28;980,359,11;1162,371,12;618,391,20;726,409,18;635,416,7;333,449,32;1091,491,38;262,-1,;903,-1,;
181,0,;165,16,16;1082,43,25;53,84,39;60,91,7;423,112,19;1461,164,48;710,195,31;358,227,24;1164,267,40;1344,281,14;982,299,16;995,312,13;425,343,30;529,359,14;1084,378,19;1268,386,8;1184,396,10;76,432,32;171,441,9;537,459,16;883,489,30;239,-1,;1271,-1,;
1055,0,;333,47,47;621,65,18;801,77,12;1081,91,14;1448,110,19;167,151,35;348,158,7;1435,203,41;1161,217,14;998,242,25;252,268,26;1162,302,30;1355,315,13;724,342,27;1257,373,31;1173,383,10;57,420,36;1344,457,37;724,495,38;1183,-1,;1066,-1,;
600,0,;1451,41,41;514,80,37;58,98,18;520,116,18;170,142,26;1177,179,27;625,196,14;1464,225,29;244,277,50;1158,307,30;912,343,36;709,366,23;813,380,14;1085,390,10;441,410,16;253,420,10;240,433,13;54,443,10;360,479,36;804,-1,;237,-1,;
316,0,;1184,26,25;170,60,32;1066,108,44;347,141,33;802,162,21;705,169,7;71,193,24;452,214,21;1180,240,26;1085,245,5;908,256,11;1352,282,26;158,312,30;446,330,18;173,347,17;1358,384,37;449,417,31;986,444,27;973,457,13;1185,489,32;437,-1,;440,-1,;
