15
646,0,;65,31,30;820,66,35;1462,84,18;815,107,23;147,145,38;1091,189,44;1455,203,14;997,217,14;357,242,24;1095,264,22;61,308,44;1085,342,34;1370,357,15;636,377,20;887,408,31;901,422,14;82,449,27;1462,485,36;528,-1,;154,-1,;
504,0,;977,45,44;154,70,25;1094,110,40;896,130,18;1067,147,17;265,196,44;1363,230,32;1360,233,3;789,264,31;979,276,12;352,307,31;607,334,27;1094,373,37;726,387,14;1280,403,16;1165,428,25;1441,438,10;1448,445,7;999,466,21;889,486,20;57,-1,;165,-1,;
1282,0,;1092,10,10;898,24,14;514,48,24;1249,67,19;907,101,34;905,103,2;1094,118,15;443,141,23;440,144,3;1172,170,24;987,183,13;710,196,13;1347,219,21;1093,247,28;1186,250,3;428,288,38;818,318,30;987,337,19;1437,357,20;514,384,27;344,402,18;537,415,13;612,434,19;260,458,24;428,480,20;1358,-1,;704,-1,;
510,0,;354,32,32;814,52,18;709,67,15;702,74,7;1250,94,20;1186,124,30;979,151,27;334,174,23;726,207,32;1090,225,18;532,243,18;168,255,12;1440,299,44;706,319,20;78,351,30;238,379,28;531,406,23;988,425,19;171,454,29;714,475,21;245,494,19;722,-1,;724,-1,;
734,0,;998,18,18;1355,37,19;517,65,28;346,82,17;816,102,20;1091,120,17;898,133,13;1276,153,18;340,193,36;1341,228,33;264,280,51;59,305,25;713,332,24;421,354,22;708,371,17;1354,389,18;807,412,23;607,432,20;1168,455,21;808,473,18;1279,-1,;1365,-1,;
278,0,;820,47,47;728,49,2;1442,87,38;1256,95,8;169,136,41;1356,173,35;1067,193,19;1349,209,16;1278,232,23;1353,251,19;1456,266,13;977,297,29;1364,324,27;518,362,36;262,388,26;80,402,14;815,430,27;803,443,12;421,465,22;1350,496,31;1253,-1,;530,-1,;
971,0,;1179,28,28;1273,34,6;797,60,26;451,90,30;153,118,28;912,157,39;447,174,17;1085,194,20;1342,219,25;1459,246,27;1463,250,4;807,276,26;722,285,9;239,318,33;56,329,11;1079,365,33;59,400,30;1165,430,30;791,450,18;342,471,21;1174,-1,;81,-1,;
1200,0,;80,55,55;792,95,40;621,112,17;169,130,18;444,141,11;519,160,19;1258,181,21;805,198,17;904,207,9;1347,234,27;172,281,47;58,305,24;68,316,10;1087,345,29;800,364,17;1438,384,20;1357,397,13;1341,413,16;1160,422,9;263,465,43;356,478,13;725,495,17;239,-1,;1250,-1,;
178,0,;794,42,42;1069,59,17;1078,68,9;897,81,13;1442,102,19;716,128,26;1280,154,24;1342,186,32;435,220,33;1187,256,32;995,271,14;535,283,12;1159,317,34;725,353,36;1361,375,22;889,397,22;727,423,26;434,446,23;1358,481,30;614,-1,;1363,-1,;
281,0,;798,22,22;1071,33,11;530,57,23;80,77,20;622,99,22;1000,117,18;727,130,13;793,158,28;254,186,25;1346,225,36;359,272,47;982,307,35;703,318,11;900,335,17;1461,356,21;698,401,43;542,433,32;630,439,6;1355,470,27;239,-1,;794,-1,;
1424,0,;448,31,31;1433,84,49;1460,111,27;70,155,40;1269,186,31;250,221,31;538,241,18;900,255,14;808,261,6;360,283,22;1440,333,48;1165,344,11;1084,357,13;901,364,7;993,366,2;1447,384,18;521,412,26;513,420,8;888,437,17;347,461,23;173,475,14;437,-1,;996,-1,;
181,0,;70,21,21;1073,59,31;976,70,11;1345,87,17;1441,97,10;981,114,14;797,122,8;73,150,28;895,182,26;264,210,27;721,229,19;803,241,12;1358,264,23;158,302,36;440,318,16;910,338,20;808,350,12;1448,374,22;346,410,34;1253,445,33;1349,451,6;1066,468,17;800,484,16;904,498,14;170,-1,;337,-1,;
1055,0,;816,14,14;518,42,28;606,48,6;66,72,24;893,95,23;728,118,23;1095,129,11;256,160,29;1249,203,41;1083,227,22;976,244,17;724,275,30;908,289,14;428,319,30;1168,340,20;517,362,21;347,380,18;790,407,27;614,422,14;266,450,28;1280,476,26;1260,-1,;887,-1,;
600,0,;444,32,32;1187,59,27;797,89,30;820,116,23;62,157,38;541,186,29;1266,218,27;530,244,24;790,266,22;1274,300,34;541,327,27;174,342,15;1001,367,25;633,383,16;1001,399,16;817,411,12;146,452,41;1180,496,44;1355,-1,;881,-1,;
316,0,;1002,19,19;160,51,32;1070,83,30;435,108,23;801,122,14;158,142,19;888,166,22;447,199,29;149,227,28;702,250,23;176,291,38;802,323,32;1185,346,23;1177,354,8;251,387,28;1447,423,34;239,465,38;712,492,23;1067,-1,;1439,-1,;
