20
646,0,;332,15,15;422,19,4;58,35,16;710,59,22;901,77,13;1249,-1,;240,-1,;149,-1,;
504,0,;1004,17,17;1096,21,4;900,37,16;1357,56,17;716,77,21;525,92,15;77,-1,;360,-1,;266,-1,;
1282,0,;1452,18,18;1174,30,12;1272,38,8;628,58,18;158,78,20;789,-1,;1162,-1,;1268,-1,;
510,0,;885,16,15;985,26,10;1177,40,14;1346,59,19;1083,78,19;1170,85,7;438,-1,;815,-1,;354,-1,;
734,0,;1464,22,22;262,56,34;76,66,10;802,92,26;792,-1,;974,-1,;79,-1,;
278,0,;357,34,34;903,57,20;1278,76,17;1000,90,14;1349,-1,;607,-1,;150,-1,;
971,0,;702,13,13;890,23,10;809,36,13;1085,44,8;1461,61,16;344,98,37;243,-1,;423,-1,;1446,-1,;
1200,0,;1256,11,11;1172,21,10;1073,30,9;1433,48,18;513,70,22;984,91,21;633,-1,;83,-1,;
178,0,;255,17,17;628,30,13;888,52,22;700,66,14;1262,88,22;793,-1,;703,-1,;881,-1,;
281,0,;619,23,23;803,35,12;1171,51,16;1268,64,11;1182,75,8;1460,91,16;625,-1,;624,-1,;1158,-1,;
1424,0,;727,22,22;899,39,16;1068,58,19;146,84,26;248,96,12;352,-1,;886,-1,;1450,-1,;
181,0,;538,19,19;996,35,16;1180,43,8;896,57,14;795,68,11;790,73,5;1070,87,14;1087,-1,;720,-1,;162,-1,;
1055,0,;820,10,10;1267,33,23;1357,37,4;1250,54,17;979,69,15;793,85,14;889,95,10;890,96,1;535,-1,;239,-1,;171,-1,;
600,0,;797,17,17;536,38,21;437,47,9;342,52,5;67,65,13;53,79,14;614,-1,;1168,-1,;1093,-1,;
316,0,;81,10,10;635,28,18;625,38,10;346,49,11;64,63,14;1080,91,28;1369,-1,;1463,-1,;
143,0,;800,28,27;711,33,5;1264,56,21;712,78,22;999,95,17;264,-1,;72,-1,;520,-1,;
273,0,;1187,26,26;1072,51,25;515,74,23;338,87,13;251,94,7;342,-1,;610,-1,;628,-1,;
869,0,;720,14,14;343,31,17;69,47,16;699,77,28;791,79,2;1254,100,19;812,-1,;909,-1,;
871,0,;984,30,28;614,40,10;151,57,15;537,83,26;540,86,3;445,-1,;
1194,0,;1269,19,19;1457,28,8;1257,48,20;1269,60,12;802,79,19;608,94,14;241,-1,;244,-1,;
