20
646,0,;698,7,7;1349,32,25;1372,55,23;359,80,25;447,86,6;540,99,13;807,114,15;1444,139,23;624,169,28;449,182,13;515,210,28;619,292,14;817,-1,;909,-1,;1186,-1,;
504,0,;537,14,14;719,22,8;798,37,15;1353,55,15;1264,60,5;1264,60,0;1264,62,0;1451,75,13;1371,89,14;1094,100,11;725,115,15;341,139,24;607,155,16;886,170,15;254,196,26;887,223,25;1276,254,29;1372,260,6;1365,267,7;1349,289,16;620,-1,;237,-1,;77,-1,;
1282,0,;1093,10,9;998,23,13;815,36,13;620,51,15;617,54,3;1072,69,15;1090,87,18;1265,100,13;71,140,34;71,140,0;71,142,0;67,146,4;266,167,19;520,195,28;608,201,6;977,218,17;1080,231,13;995,241,9;1271,249,8;1258,262,13;977,275,13;532,300,25;60,-1,;912,-1,;
510,0,;153,19,19;253,29,10;712,50,21;1357,77,25;1255,89,12;790,108,19;1261,129,21;721,153,24;632,164,11;450,176,12;1002,194,18;347,223,25;1176,247,23;1162,261,14;1349,272,11;1346,275,3;606,299,24;522,-1,;434,-1,;1260,-1,;
734,0,;81,23,23;250,42,19;438,56,14;800,72,16;794,79,6;981,90,11;619,104,14;899,120,16;1181,132,12;1083,140,8;433,167,24;171,187,20;265,191,4;351,207,10;633,222,14;1278,243,21;893,268,25;704,277,9;422,293,16;423,294,1;805,-1,;169,-1,;818,-1,;
278,0,;706,24,23;628,40,16;332,66,26;255,83,17;883,116,30;1342,131,15;1446,147,14;1358,159,12;719,180,19;1085,190,10;798,209,17;540,233,24;452,241,8;1182,265,24;153,-1,;64,-1,;241,-1,;
971,0,;885,8,8;608,23,15;539,48,25;911,64,16;997,72,8;699,170,28;331,184,14;986,209,25;898,215,6;905,222,7;1448,243,21;1082,261,18;1163,274,13;1433,290,14;1366,-1,;443,-1,;542,-1,;
1200,0,;702,19,19;892,29,10;795,36,7;1445,58,20;346,92,33;259,99,7;257,101,2;1186,130,29;890,159,26;885,164,5;806,179,15;441,194,13;173,208,14;1173,244,34;976,261,17;614,279,16;349,296,17;528,-1,;452,-1,;1090,-1,;
178,0,;341,25,25;1180,54,29;1180,54,0;1180,56,0;443,75,19;1433,121,44;1464,168,31;910,184,16;542,200,14;71,221,21;440,234,13;708,252,16;1169,265,13;1161,273,8;1084,290,17;1095,-1,;355,-1,;530,-1,;
281,0,;76,32,30;358,48,16;1275,79,29;1367,81,2;1004,96,15;911,99,3;801,119,20;1077,129,10;885,141,12;621,159,18;72,178,19;627,193,15;440,200,7;59,221,21;975,251,30;995,273,20;1184,285,11;1280,293,8;897,-1,;881,-1,;244,-1,;
1424,0,;1436,35,35;246,74,34;249,78,3;439,92,14;1266,119,25;890,137,16;986,143,6;1069,154,11;1157,160,6;612,181,21;345,196,15;64,209,13;1076,241,24;1260,247,6;1255,252,5;909,283,30;541,299,16;630,-1,;171,-1,;1003,-1,;
181,0,;906,27,27;713,40,13;619,54,12;239,74,20;1344,107,31;1439,120,13;802,142,21;905,155,13;629,167,12;536,170,3;1455,193,23;1369,203,10;446,238,31;161,253,15;989,282,28;883,298,16;1072,-1,;423,-1,;517,-1,;
1055,0,;1078,24,24;985,31,7;611,46,14;1252,71,25;353,125,41;354,126,1;354,126,0;354,128,0;449,133,5;1092,156,23;1361,169,13;1455,173,4;1460,178,5;1263,195,17;892,208,13;149,234,23;174,259,25;448,273,14;1004,294,18;1347,-1,;428,-1,;147,-1,;
600,0,;609,9,9;618,18,9;621,21,3;165,37,16;517,61,24;975,79,18;513,95,14;518,100,5;1253,127,27;1257,131,4;796,148,15;1071,163,13;1271,183,20;1003,201,16;984,220,19;245,242,19;239,248,6;332,257,9;61,272,15;56,277,5;330,289,12;974,-1,;538,-1,;814,-1,;
316,0,;256,15,15;809,32,15;1169,52,18;1262,59,7;238,94,34;884,114,20;1065,123,9;1095,157,30;716,176,19;811,181,5;252,204,19;172,218,14;359,229,11;528,248,19;531,251,3;67,271,20;435,287,16;704,-1,;789,-1,;1088,-1,;
143,0,;58,9,9;979,41,29;1164,52,11;1268,68,14;908,85,16;974,113,28;1435,128,15;331,158,30;60,175,17;54,181,6;250,197,16;723,224,23;996,238,13;804,250,12;623,263,13;539,273,10;813,287,14;543,-1,;436,-1,;1069,-1,;
273,0,;801,36,36;705,43,6;795,47,4;792,50,3;1434,72,20;1345,81,9;1464,110,29;169,147,37;251,159,12;613,174,14;976,193,17;1343,208,15;1367,232,24;907,254,20;541,272,18;263,288,16;168,293,5;62,-1,;905,-1,;796,-1,;
869,0,;535,19,19;434,30,11;159,46,13;342,57,11;791,80,21;884,89,9;1166,103,14;993,118,15;262,139,21;83,152,13;267,160,8;246,181,21;154,183,2;1254,218,30;1174,-1,;1280,-1,;55,-1,;
871,0,;909,9,9;901,17,8;1267,29,12;907,45,16;248,74,29;163,83,9;148,98,15;241,101,3;428,170,13;341,177,7;430,182,5;251,191,9;360,212,19;1463,239,27;1170,262,23;1081,267,5;1157,285,18;331,-1,;336,-1,;69,-1,;
1194,0,;1161,33,33;1347,47,14;607,75,26;330,88,11;64,104,16;337,113,9;627,133,20;1174,153,17;800,175,16;630,193,18;358,209,16;266,217,8;809,238,21;894,249,11;894,249,0;894,251,0;610,269,14;168,297,28;176,-1,;441,-1,;1004,-1,;
