15
646,0,;904,33,33;1176,43,10;1343,64,21;1360,81,17;521,110,29;237,126,16;789,140,14;804,155,15;725,170,15;725,170,0;725,172,0;176,189,17;434,213,24;541,230,17;1269,256,24;354,281,25;66,301,18;791,328,27;620,348,17;727,366,17;1271,390,22;1257,404,14;1175,416,12;439,438,22;254,449,11;441,460,9;890,483,21;794,491,8;622,-1,;815,-1,;
504,0,;1276,27,27;1265,38,11;1255,48,10;1457,70,22;529,101,28;176,124,23;57,155,29;56,156,1;1439,197,41;1170,210,13;710,226,16;1173,245,19;1170,248,3;1433,267,19;791,285,18;905,309,24;268,332,23;65,355,23;354,376,19;897,397,21;720,409,11;1462,435,26;1453,444,9;1249,468,24;976,479,11;161,-1,;77,-1,;
1282,0,;982,30,30;992,40,10;621,55,15;820,74,19;1089,89,15;1456,102,13;723,125,23;538,138,13;264,154,16;1455,189,33;1348,207,17;975,226,19;1171,242,16;1177,248,6;1003,263,14;172,288,25;76,298,10;260,306,8;421,335,27;801,355,20;1073,365,10;886,376,11;619,391,15;1173,413,22;1082,416,3;1345,435,19;1265,449,14;1183,461,12;636,480,19;262,496,16;616,-1,;1168,-1,;
510,0,;448,32,32;174,46,14;629,67,21;801,83,16;1161,99,16;1093,125,26;443,147,22;618,160,13;896,174,14;253,199,25;56,216,17;516,234,18;513,237,3;993,267,30;1272,277,9;992,287,10;722,299,12;631,310,11;1366,335,25;1372,341,6;1437,370,29;1171,386,16;912,409,23;348,433,24;530,443,10;1172,467,24;792,487,20;151,-1,;910,-1,;
734,0,;806,22,22;886,36,14;791,47,11;341,69,20;991,93,24;349,113,18;633,127,14;991,147,18;1082,156,9;1363,168,11;1002,185,17;630,203,18;520,223,20;149,240,17;888,265,25;522,277,12;1071,294,17;1253,308,14;1251,310,2;1158,317,7;251,352,33;265,366,14;1004,387,21;83,410,23;158,429,19;540,451,22;61,480,29;514,-1,;980,-1,;
278,0,;242,11,11;72,29,18;250,43,14;264,59,14;251,72,13;724,97,23;1182,117,20;1182,117,0;1182,119,0;1279,130,11;449,154,24;708,177,23;700,185,8;976,199,14;239,222,23;1173,259,34;996,270,11;619,287,17;518,298,11;422,308,10;979,329,21;1353,343,14;1266,350,7;1089,361,11;1182,364,3;621,385,21;710,398,11;424,414,16;422,416,2;62,434,18;1081,468,29;1358,483,15;1439,496,13;265,-1,;78,-1,;
971,0,;260,41,41;167,44,3;264,51,7;720,69,18;1455,90,19;1440,105,15;980,121,16;1188,149,28;540,169,20;79,190,21;154,209,19;1342,247,36;820,289,42;260,311,22;335,330,19;521,340,10;702,351,11;1170,369,18;904,385,16;1457,402,17;354,436,31;715,451,15;611,465,14;67,485,20;1448,-1,;881,-1,;
1200,0,;521,26,26;1263,49,22;1361,57,8;533,79,20;820,96,17;703,123,27;329,141,16;56,152,11;160,166,14;1272,198,32;1445,213,15;1253,225,12;538,262,37;635,269,7;975,307,36;1341,321,12;437,359,36;174,378,19;903,403,25;1355,423,18;1254,434,11;158,468,32;252,472,4;72,484,12;540,-1,;1280,-1,;
178,0,;709,33,33;1161,51,18;992,70,19;1263,85,15;909,112,22;163,138,26;145,156,18;513,166,10;1254,189,23;996,213,24;903,216,3;900,219,3;1446,241,22;714,272,26;635,287,15;81,305,18;158,322,17;980,346,24;1094,370,24;452,390,18;356,396,6;1185,423,27;1258,444,21;518,466,22;723,491,25;1461,-1,;65,-1,;
281,0,;1441,35,35;1458,52,17;906,73,20;995,78,5;1455,93,12;1344,114,21;1160,126,12;1272,148,22;1265,155,7;630,180,23;634,184,4;438,200,16;59,219,19;1345,259,38;1171,273,14;1088,284,11;1089,285,1;1361,295,10;1463,307,12;617,345,36;246,356,11;65,363,7;700,386,23;1081,407,21;1160,422,15;704,442,20;436,456,14;636,476,20;819,485,7;169,-1,;1357,-1,;
1424,0,;527,42,42;613,50,8;797,58,8;533,76,18;536,79,3;1184,104,22;536,127,22;518,145,18;1257,168,23;1434,183,15;353,231,47;73,241,10;160,250,9;150,260,10;356,286,26;717,301,15;1264,322,19;1354,326,4;900,346,20;537,359,13;156,381,21;514,399,18;887,416,17;710,427,11;627,438,11;1451,460,22;697,496,34;245,-1,;60,-1,;
181,0,;1348,55,55;1160,69,14;336,99,28;607,116,17;1367,156,40;1371,160,4;1462,167,7;519,210,43;149,228,18;979,256,28;991,268,12;719,278,10;811,281,2;628,288,7;704,306,18;1166,320,14;1252,330,10;1452,350,20;1462,360,10;614,401,38;59,418,17;56,421,3;152,433,12;531,452,19;710,467,15;1065,490,21;1435,-1,;1345,-1,;
1055,0,;1092,10,10;635,27,17;901,43,16;989,49,6;819,67,18;346,90,23;1094,118,28;1442,146,28;1441,147,1;1082,164,17;1157,183,19;333,209,24;1094,250,41;1366,266,16;1096,280,14;797,309,29;616,316,7;428,324,8;1174,352,26;1444,366,14;816,398,30;1085,413,13;524,438,23;75,459,21;1088,484,25;1183,489,5;990,-1,;57,-1,;
600,0,;888,18,18;1446,36,18;1184,56,20;1159,83,25;333,109,26;794,130,21;64,152,22;1066,184,32;1185,213,29;1185,213,0;1185,215,0;896,236,19;1447,258,21;1356,269,11;1461,284,15;624,311,27;998,325,14;264,351,26;151,374,23;334,387,13;1347,422,31;1433,432,10;1072,449,17;1089,466,17;906,477,11;627,488,11;168,-1,;1459,-1,;
316,0,;530,21,21;616,29,8;438,41,12;245,54,13;714,75,19;1272,95,18;636,119,24;160,145,26;355,160,15;246,179,19;72,193,14;711,217,23;1445,239,22;1066,258,19;423,277,19;1168,303,25;152,337,26;158,343,6;635,370,27;1001,386,14;1184,399,13;1463,412,13;818,431,19;727,434,3;543,442,8;901,460,18;708,475,15;1441,497,19;340,-1,;540,-1,;
