20
646,0,;1347,26,26;909,58,32;631,74,16;1266,100,23;1366,110,10;533,135,23;625,137,2;991,151,12;621,167,16;428,180,13;157,191,11;703,209,18;609,221,12;1160,242,21;1251,251,9;1357,267,16;1452,276,9;805,-1,;
504,0,;248,31,31;240,39,8;697,54,15;1456,95,39;1458,97,2;1187,112,15;904,129,17;905,130,1;539,146,16;259,159,12;158,170,11;357,189,19;607,221,32;980,240,19;981,241,1;1350,252,11;1185,275,23;1000,288,13;996,292,4;1187,-1,;268,-1,;160,-1,;
1282,0,;819,13,13;259,38,22;66,51,13;82,67,16;1276,101,34;805,124,21;243,146,22;174,171,25;912,192,20;911,193,1;171,217,24;153,235,18;250,242,7;793,263,21;1066,276,13;1436,292,14;1256,-1,;900,-1,;78,-1,;
510,0,;701,11,11;700,12,1;705,17,5;430,26,9;975,49,21;1256,66,17;1445,75,9;797,95,18;519,107,12;896,124,17;997,135,11;1180,144,9;1079,155,11;816,174,19;347,193,19;169,203,10;66,216,13;238,232,16;699,247,15;890,260,13;717,277,15;445,287,10;1269,-1,;1456,-1,;1161,-1,;
734,0,;1003,13,13;617,41,26;330,58,17;421,61,3;67,83,22;58,92,9;66,100,8;447,121,21;716,137,13;1172,155,18;1441,168,13;1276,191,23;1363,198,7;446,226,25;262,238,12;245,255,17;522,264,9;985,277,13;720,294,17;1077,-1,;1372,-1,;62,-1,;
278,0,;717,35,34;1081,49,14;1080,50,1;1268,62,12;1280,74,12;1082,92,18;897,105,13;1262,122,17;611,145,21;429,155,10;526,162,7;898,180,18;69,208,27;237,228,20;1435,258,30;1080,280,21;1186,296,16;537,-1,;792,-1,;429,-1,;
971,0,;889,12,12;800,17,5;812,29,12;1459,52,21;1072,79,27;888,90,10;624,108,18;359,128,17;330,157,29;516,167,10;608,169,2;1065,184,15;1445,204,20;448,241,37;81,258,17;55,284,26;240,295,11;701,-1,;885,-1,;1157,-1,;
1200,0,;622,33,33;73,51,17;84,62,11;538,82,18;728,94,12;1368,114,20;801,141,27;974,156,15;1446,190,22;719,217,25;907,227,10;1004,234,7;1096,238,4;1363,255,17;164,284,29;433,-1,;790,-1,;1002,-1,;
178,0,;263,9,9;69,23,14;811,45,22;807,49,4;907,59,10;984,76,17;60,101,24;59,102,1;329,116,14;794,133,17;1160,151,18;1175,168,15;1359,178,10;1463,192,14;709,226,34;617,232,6;524,235,3;345,246,11;629,260,14;1370,287,27;1460,297,10;1261,-1,;436,-1,;430,-1,;
281,0,;145,5,5;436,26,21;449,39,13;908,58,19;1079,75,17;806,92,17;436,110,18;897,131,21;790,148,17;1434,166,18;1347,177,11;998,204,27;353,225,21;248,240,15;59,249,9;430,263,13;443,276,13;451,284,8;1462,-1,;992,-1,;1341,-1,;
1424,0,;903,26,26;719,32,6;351,44,10;152,63,19;72,77,14;911,108,29;1166,135,27;1165,136,1;1250,149,13;334,179,28;151,192,13;54,203,11;331,216,11;885,236,20;329,256,18;261,282,26;340,297,15;1262,-1,;813,-1,;912,-1,;
181,0,;355,14,14;1082,41,25;1258,53,12;709,71,15;895,81,10;789,97,16;57,121,22;801,157,24;1253,175,18;1438,190,15;1457,209,19;1462,214,5;268,244,30;528,266,22;899,283,17;1074,296,13;1447,-1,;1437,-1,;149,-1,;
1055,0,;525,35,35;424,46,11;605,55,9;881,63,8;1357,89,26;791,115,26;1076,131,15;71,163,31;262,174,11;636,190,16;337,219,29;1067,247,26;1077,257,10;1264,268,11;888,284,16;533,-1,;1003,-1,;
600,0,;1250,20,20;1437,31,11;982,48,17;338,64,16;148,76,12;160,88,12;70,100,12;1176,135,30;1188,147,12;820,157,10;895,180,19;887,188,8;1066,201,13;1252,211,10;1280,239,28;1464,245,6;1071,278,33;1449,296,18;714,-1,;65,-1,;80,-1,;
316,0,;432,25,25;981,42,15;1088,59,17;1094,65,6;814,81,16;1187,137,17;1446,162,23;519,193,27;605,201,8;331,211,10;172,240,29;544,256,14;541,259,3;817,273,14;1369,295,20;990,-1,;622,-1,;530,-1,;
143,0,;1065,22,22;992,43,21;634,61,18;173,78,17;169,82,4;447,136,14;75,150,14;250,163,13;888,183,20;896,195,8;1269,212,15;1261,222,8;1076,229,7;1346,241,12;1346,241,0;1346,243,0;1252,247,4;1278,273,26;1085,287,13;721,299,12;438,-1,;700,-1,;70,-1,;
273,0,;438,23,23;608,41,18;513,46,5;422,53,5;1073,80,25;1083,90,10;1360,101,11;1359,102,1;1435,120,18;1369,148,28;176,179,31;84,183,4;160,201,18;156,205,4;239,216,11;809,246,30;1000,257,11;1463,274,17;1450,289,13;984,-1,;887,-1,;520,-1,;
869,0,;1277,15,15;1372,20,5;1463,25,5;1068,60,35;517,81,21;340,92,11;261,107,15;171,111,4;517,141,30;608,144,3;1163,167,23;896,184,15;1085,195,11;627,207,12;1173,274,18;977,290,16;1435,-1,;1459,-1,;627,-1,;
871,0,;900,18,18;612,41,18;705,48,7;1444,69,19;164,121,38;168,125,4;450,141,16;618,161,20;428,189,10;421,196,7;1348,225,29;1360,237,12;895,256,19;1357,288,20;252,-1,;66,-1,;175,-1,;
1194,0,;896,28,28;793,41,13;1342,60,19;1169,75,15;1442,84,9;699,109,25;149,129,20;249,139,10;358,158,19;809,177,19;345,193,16;1169,219,26;1161,227,8;1157,231,4;421,251,18;521,263,12;336,273,9;332,277,4;428,283,6;344,294,10;539,-1,;634,-1,;909,-1,;
