15
646,0,;163,34,34;701,62,26;1356,87,25;1250,103,16;1341,106,3;892,127,21;436,145,16;976,169,24;78,214,42;349,225,11;726,242,17;1069,277,33;702,296,19;890,306,10;145,333,27;264,362,29;537,377,15;1092,402,21;448,428,24;1345,471,43;884,490,19;1257,-1,;
504,0,;422,37,37;342,51,14;1249,84,33;625,120,34;1452,141,21;1066,167,26;544,209,42;890,239,30;358,271,32;1459,304,33;1449,314,10;884,339,25;1371,376,37;533,404,28;709,418,14;72,443,25;1253,489,41;1344,492,3;172,-1,;
1282,0,;1444,26,26;635,66,37;1262,97,31;884,115,18;73,152,35;1071,190,36;360,231,41;170,243,12;629,260,17;796,281,21;329,300,19;245,312,12;354,331,19;251,344,13;1174,375,31;355,402,27;1092,429,27;157,467,35;1442,498,31;446,-1,;
510,0,;1446,36,36;255,73,37;1093,104,28;1257,128,24;1461,154,24;528,187,33;987,206,19;1174,221,15;1172,223,2;698,250,24;535,275,25;157,293,18;611,309,16;242,326,17;425,341,15;617,354,12;993,375,18;1457,389,14;1343,413,24;257,458,42;1265,486,28;905,-1,;
734,0,;1000,16,16;608,49,32;1449,82,31;1070,101,19;904,123,22;1357,143,17;264,178,35;1171,215,33;797,231,14;267,267,34;723,285,18;888,309,23;1090,331,22;1275,344,13;445,372,26;162,385,13;1258,420,32;245,445,25;262,464,17;1085,489,23;1165,-1,;
278,0,;423,10,10;884,27,17;1068,39,12;1254,53,14;624,88,28;1069,115,25;82,162,47;613,195,33;1267,219,24;1185,231,12;544,250,19;340,274,24;351,285,11;148,311,23;254,327,16;169,336,9;704,365,29;882,379,14;1368,415,36;888,445,30;727,472,27;154,-1,;
971,0,;617,22,22;1444,43,21;79,90,45;524,115,25;1442,137,22;528,166,26;1448,202,30;1096,226,24;727,237,11;84,254,17;538,272,18;1087,289,17;809,297,8;989,307,10;814,320,13;252,342,22;806,366,22;887,379,13;805,391,12;538,406,15;330,434,28;986,462,26;720,481,16;81,-1,;
1200,0,;359,52,52;255,66,14;792,93,27;1366,132,34;535,155,23;1370,186,27;440,216,30;706,232,16;1273,259,27;621,281,22;262,298,17;1344,346,46;433,377,29;1096,412,33;608,450,38;244,468,18;700,489,20;426,-1,;
178,0,;538,16,16;163,31,15;1000,58,27;700,88,30;1185,123,35;1180,128,5;522,156,28;1254,179,22;58,219,36;1262,253,34;1346,263,10;1344,265,2;158,301,36;249,304,3;260,315,11;531,329,11;427,343,14;57,361,18;808,394,31;886,410,16;1161,427,17;819,461,34;1448,492,29;709,-1,;
281,0,;1185,50,49;246,91,39;1355,120,29;722,147,25;728,153,6;1358,183,28;1361,186,3;699,220,32;1448,249,29;1251,266,17;169,313,46;1157,359,46;1175,377,18;169,405,28;1350,446,41;1356,452,6;543,487,33;71,-1,;
1424,0,;341,48,48;802,64,15;1371,93,29;803,121,28;358,146,25;1364,180,32;351,206,25;265,216,10;820,233,17;991,250,17;59,282,32;73,296,14;717,312,16;354,325,13;893,354,25;912,373,19;518,407,34;1257,432,23;1258,433,1;989,447,13;1096,464,17;631,481,17;159,-1,;
181,0,;817,22,22;896,38,15;622,56,16;1347,83,27;171,131,46;527,156,20;1441,182,26;1068,199,17;69,238,35;712,263,25;1441,288,23;356,331,43;54,363,32;335,378,15;65,392,12;169,406,14;520,431,25;801,442,11;895,450,8;899,454,4;331,482,28;1253,-1,;
1055,0,;243,49,47;907,83,34;903,87,4;336,114,27;1444,144,28;544,186,40;343,207,21;335,215,8;1449,253,34;606,288,33;1273,325,37;1276,328,3;348,356,28;706,374,18;1180,398,24;1349,417,19;259,456,38;622,470,13;1250,500,30;524,-1,;
600,0,;883,13,13;517,31,16;1273,71,36;726,94,23;165,115,21;726,136,21;1184,154,18;700,188,34;988,206,18;1455,223,17;725,247,24;1249,289,40;1433,295,6;533,337,40;975,365,28;1268,388,23;154,423,34;59,430,7;719,463,30;979,485,22;435,-1,;
316,0,;635,10,10;1074,41,31;998,59,18;1183,73,13;621,97,22;607,111,14;894,128,17;241,151,23;611,169,18;630,188,19;359,203,15;1160,249,45;721,280,31;976,307,27;816,335,28;708,353,18;55,376,23;245,390,14;521,400,10;1347,426,24;426,455,29;80,485,30;59,-1,;
