20
646,0,;423,12,12;240,23,11;715,51,25;806,58,3;988,72,14;1459,93,21;725,119,26;911,129,10;543,141,12;79,159,18;78,160,1;537,177,17;1181,202,20;1163,220,18;1257,228,8;1436,241,13;1082,263,22;622,283,18;344,299,16;249,-1,;57,-1,;881,-1,;
504,0,;606,39,39;605,40,1;148,55,15;61,66,11;888,90,23;1269,111,21;1457,119,8;1366,128,9;1280,136,8;1275,141,5;1169,157,16;1341,173,16;1080,194,21;1265,211,15;1447,225,14;520,252,27;528,260,8;636,278,18;341,-1,;1448,-1,;1165,-1,;
1282,0,;1096,6,6;907,17,11;708,36,19;519,46,9;244,59,13;62,67,8;57,74,5;156,83,9;62,87,4;173,108,21;912,133,21;817,140,7;622,156,15;439,167,11;164,178,11;159,183,5;1165,213,28;1069,219,6;1354,234,15;340,261,26;245,266,5;156,271,5;265,290,19;154,-1,;1078,-1,;1160,-1,;
510,0,;1435,26,25;1450,41,15;1266,53,12;1365,62,9;1093,78,16;620,101,23;617,104,3;886,117,13;996,137,20;1186,153,14;889,180,27;616,190,9;242,210,14;353,231,21;531,243,10;428,256,13;1263,282,25;1179,295,10;910,-1,;175,-1,;697,-1,;
734,0,;544,10,10;450,16,6;163,33,17;806,54,21;897,67,11;724,82,15;171,105,23;1255,149,44;1457,171,22;82,212,41;337,239,27;425,245,6;237,255,10;703,273,18;1079,289,16;1089,299,10;356,-1,;608,-1,;157,-1,;
278,0,;330,7,7;1078,35,28;1258,43,8;1348,47,4;1358,57,10;1440,69,12;1460,89,20;815,114,25;1455,137,20;251,171,34;149,183,12;54,192,9;329,201,9;345,219,16;710,236,17;426,250,14;153,263,13;1067,294,30;624,-1,;909,-1,;726,-1,;
971,0,;801,18,18;1360,41,23;449,70,29;170,87,17;537,104,15;712,117,13;697,132,15;606,137,5;425,150,11;154,163,13;716,185,22;903,192,7;1274,208,13;1368,212,4;1459,225,13;818,248,23;446,266,18;1264,294,28;980,-1,;1434,-1,;1091,-1,;
1200,0,;807,30,30;727,44,14;438,63,19;1170,89,26;1263,98,9;1433,116,18;981,136,20;147,164,28;628,195,31;1188,217,22;1187,218,1;820,229,11;813,236,7;1359,254,18;614,283,25;338,292,8;329,-1,;893,-1,;904,-1,;
178,0,;635,13,13;1183,33,20;992,44,11;435,65,21;516,78,13;1345,107,27;1091,135,28;450,160,23;334,186,26;517,201,15;801,215,14;889,221,6;1358,240,19;1461,253,13;1002,270,17;908,274,4;349,295,19;435,-1,;632,-1,;610,-1,;
281,0,;422,6,6;150,20,14;798,40,20;804,46,6;1072,60,14;1262,70,10;1088,84,14;635,105,21;267,117,12;427,145,28;332,150,5;239,159,9;895,185,26;1262,200,15;905,219,19;174,246,27;353,261,15;447,298,4;635,-1,;605,-1,;605,-1,;
1424,0,;815,24,24;979,48,24;1251,64,16;1453,86,22;1263,104,12;990,121,17;1072,133,12;1251,148,15;146,177,29;624,205,28;632,214,8;900,228,14;79,256,25;56,279,23;331,293,13;973,-1,;979,-1,;161,-1,;
181,0,;705,41,40;1164,57,15;885,72,15;1343,90,18;517,116,26;421,124,8;700,137,11;894,151,14;980,159,8;882,167,8;445,200,33;721,212,12;1096,231,17;537,252,21;70,269,17;981,300,29;1347,-1,;1090,-1,;
1055,0,;1355,29,29;700,54,25;245,73,19;157,79,6;175,97,18;81,105,8;260,118,13;991,141,21;908,152,11;909,153,1;1279,167,14;345,201,34;807,221,18;1094,239,17;608,277,36;605,280,3;1433,300,20;1185,-1,;631,-1,;
600,0,;1169,29,29;1073,35,6;991,47,12;1368,66,17;75,105,35;77,107,2;67,117,10;56,128,11;701,151,23;1434,176,23;1455,197,21;536,229,23;808,243,10;1065,268,25;243,294,26;62,-1,;986,-1,;1003,-1,;
316,0,;813,21,20;805,32,8;1089,48,14;1451,62,14;1438,77,13;1346,89,12;1160,103,14;1076,113,10;903,128,15;816,139,9;1001,154,13;714,171,17;347,186,15;519,202,16;611,-1,;
143,0,;68,19,19;257,30,11;83,44,14;1268,87,37;1344,105,18;1345,110,1;1000,143,31;727,156,13;989,176,20;1254,195,17;152,229,32;167,244,15;169,246,2;268,255,9;67,276,21;538,300,21;900,-1,;1359,-1,;
273,0,;265,8,8;354,21,13;710,41,20;1354,62,20;1447,73,9;1365,85,12;708,112,27;340,122,10;153,129,7;798,146,17;804,152,6;705,161,9;1263,181,18;630,206,25;539,209,3;542,212,3;527,227,15;255,243,16;71,253,10;1177,285,28;1172,290,5;1355,-1,;999,-1,;
869,0,;726,8,8;1184,26,18;1462,40,14;82,76,36;346,94,18;251,107,13;351,117,10;1278,148,29;1355,165,17;619,192,24;698,207,15;1161,224,17;905,250,26;719,258,8;170,277,17;53,-1,;1071,-1,;
871,0,;634,12,12;357,25,13;342,40,15;249,47,7;521,59,10;894,73,13;884,83,10;237,102,19;83,136,34;1276,171,33;1267,180,9;1272,185,5;444,210,22;724,224,14;613,245,21;336,256,11;256,270,14;711,289,19;1352,-1,;1446,-1,;1269,-1,;
1194,0,;1364,18,18;895,37,19;444,58,19;348,64,6;539,75,11;80,96,21;635,126,19;449,136,10;1273,166,28;1275,168,2;1445,186,18;533,216,30;713,226,10;354,243,17;1266,271,28;1368,283,12;805,-1,;985,-1,;145,-1,;
