10
646,0,;160,31,31;809,54,21;815,60,6;424,91,31;1447,124,33;611,150,26;250,165,15;157,168,3;348,183,15;353,188,5;999,210,22;812,221,11;1185,240,17;1183,242,2;160,275,33;1268,307,32;909,324,17;611,354,28;356,383,27;1073,418,35;524,436,15;346,448,12;1463,485,37;1366,496,11;159,-1,;
504,0,;443,16,16;1350,49,33;1004,79,30;995,90,9;81,118,28;999,148,30;798,169,21;628,187,18;1076,209,22;268,249,38;1170,289,38;793,306,17;356,339,33;985,368,29;157,390,22;1161,420,30;792,437,17;1366,471,34;238,-1,;
1282,0,;265,27,27;256,36,9;1437,81,41;250,118,35;1253,151,31;159,185,34;1186,222,37;423,265,43;704,282,17;803,291,9;358,316,25;1089,343,27;1076,356,13;427,377,19;1276,416,39;153,459,43;1367,-1,;
510,0,;342,20,20;911,49,29;169,75,26;1004,102,27;606,144,38;1438,172,26;1354,182,10;1352,184,2;1084,200,16;1161,217,17;1170,226,9;700,248,20;58,272,24;1257,307,33;910,336,29;1372,352,14;354,382,30;1459,415,33;527,447,32;69,467,20;429,483,16;260,-1,;
734,0,;239,45,45;429,59,14;992,82,23;1171,95,13;974,112,17;515,127,15;520,132,5;1272,164,32;1173,173,9;1169,177,4;238,210,31;357,239,29;1093,263,24;612,297,31;997,324,25;796,345,21;341,360,15;1182,391,31;1436,419,28;1081,440,21;988,453,13;1073,462,9;1348,473,11;1072,485,12;73,-1,;
278,0,;1257,34,34;1068,47,13;723,78,31;544,89,11;451,96,5;67,120,24;1085,150,30;514,181,31;526,193,12;1173,219,23;261,247,28;712,268,19;426,284,16;1368,330,42;450,358,28;1180,384,26;332,424,38;1345,455,31;699,477,22;1163,497,20;995,-1,;
971,0,;435,28,28;1069,56,24;1003,84,28;337,122,36;794,139,17;800,145,6;1277,174,27;333,218,44;1264,249,31;536,273,24;1363,296,21;1450,303,7;150,343,40;1349,381,33;884,400,19;268,442,42;1436,496,54;156,-1,;
1200,0,;989,24,24;536,43,17;625,48,5;537,54,6;905,68,14;358,91,23;884,129,38;795,142,13;531,160,18;1255,190,28;710,209,19;524,217,8;347,230,13;1278,268,31;624,292,24;622,294,2;1434,332,34;607,355,23;1163,377,22;1084,392,15;623,412,15;981,430,18;1275,454,24;1261,468,14;911,494,26;422,-1,;
178,0,;423,39,37;1088,74,35;54,120,44;623,149,29;266,168,19;725,185,17;1439,223,38;242,262,35;249,269,7;1273,309,34;886,336,27;66,364,26;1346,405,36;1261,414,9;1369,432,18;1434,461,29;331,490,29;1369,-1,;
281,0,;61,15,15;886,40,25;351,71,29;519,91,20;353,113,22;882,148,35;611,163,15;1372,204,41;897,229,25;242,257,25;254,269,12;519,286,17;999,316,30;608,347,31;432,359,12;447,374,15;881,412,36;701,422,10;633,448,26;444,461,13;977,492,31;1175,-1,;
