10
646,0,;1361,40,40;268,77,35;1164,122,44;514,146,24;1258,173,26;540,207,34;1275,234,27;982,257,23;329,282,25;1162,307,25;1186,331,24;726,347,16;720,353,6;1358,375,20;66,415,38;1068,447,32;1269,468,21;887,490,22;432,-1,;
504,0,;253,26,26;905,50,22;1459,70,20;162,107,37;817,132,25;1160,165,33;1003,196,31;976,223,27;243,250,27;81,276,26;1436,331,55;544,379,48;513,410,31;1452,449,39;65,491,41;540,-1,;
1282,0,;426,46,46;346,60,14;148,78,18;906,116,38;1353,139,23;158,170,31;725,197,27;1256,231,33;1463,258,27;1449,272,14;1442,279,7;898,299,20;701,316,17;987,332,16;882,347,15;898,363,16;76,387,24;1442,431,44;1359,442,11;903,456,14;1272,467,11;72,497,30;976,-1,;
510,0,;724,34,34;448,50,16;528,64,14;1253,91,27;1464,122,31;421,177,53;909,215,38;794,240,25;816,262,22;533,275,13;887,297,22;527,313,16;901,329,16;429,351,22;447,369,18;157,389,20;1091,423,34;538,444,21;1172,468,24;989,483,15;330,-1,;
734,0,;807,21,21;446,36,15;996,54,18;1159,79,25;243,109,30;1434,146,35;1082,170,24;1266,182,12;1176,190,8;977,209,19;66,238,29;154,244,6;904,274,30;1268,286,12;67,321,35;53,335,14;1186,394,53;156,440,40;1072,467,24;814,491,24;1449,-1,;
278,0,;535,32,32;161,46,14;1159,82,36;617,104,22;1003,130,26;268,149,19;1357,190,39;974,213,23;818,245,32;813,250,5;613,270,20;345,284,14;792,307,23;700,309,2;803,322,13;62,343,21;715,366,23;53,398,32;1258,435,37;611,457,19;1166,476,17;53,-1,;
971,0,;618,23,23;173,49,25;535,65,16;903,75,10;710,88,13;1002,110,22;1073,133,23;614,148,13;1347,171,21;985,185,14;1364,204,19;1182,214,10;266,244,30;239,271,27;430,286,13;1274,320,34;1179,327,7;1348,346,19;165,385,39;358,398,13;261,411,13;1274,442,29;1255,461,19;908,490,29;1349,-1,;
1200,0,;710,27,27;67,48,21;1000,81,33;148,123,42;984,149,26;73,180,31;1166,215,35;1361,230,15;812,245,15;239,278,33;1085,315,36;700,340,25;528,356,16;346,371,14;430,382,10;1165,401,19;57,437,32;1003,483,46;62,-1,;
178,0,;889,41,41;1452,64,23;340,100,34;1173,127,25;1341,147,20;83,208,58;618,237,29;539,252,15;1278,277,25;978,307,30;1462,341,34;537,373,31;60,400,27;340,412,10;796,426,14;701,431,5;709,439,8;1257,458,16;987,472,12;792,487,15;1349,-1,;
281,0,;1159,23,23;636,64,41;1163,104,37;169,144,40;432,163,19;55,180,17;444,209,29;612,229,20;62,247,16;1074,271,24;612,285,14;237,302,17;1183,348,46;1182,349,1;69,383,33;81,397,12;1444,446,47;341,477,27;1449,-1,;
